1 ;0.000794494022162908
1 2 ;0.000182402031604525
1 2 3 ;0.00532259123233148
1 4 ;0.000772352719085474
1 4 6 ;0.00061598755307307
1 2 3 5 ;0.00279165644882451
1 4 6 8 ;0.0010854942032307
1 4 6 8 7 ;0.00393504142435058
1 4 6 8 9 ;0.000651597202883051
1 4 6 8 7 11 ;0.0112730394395558
1 4 6 8 7 11 10 ;0.000762114062241613
2 ;4.18763391609714e-05
2 3 ;0.00122197452352716
2 1 ;0.000182402031604525
2 4 ;0.000177318772887612
2 4 6 ;0.000141420045952957
2 3 5 ;0.000640915845308971
2 4 6 8 ;0.000249210620144373
2 4 6 8 7 ;0.000903417181535869
2 4 6 8 9 ;0.000149595403210377
2 4 6 8 7 11 ;0.00258809410615213
2 4 6 8 7 11 10 ;0.000174968155064034
3 ;0.0356578861970128
3 2 ;0.00122197452352716
3 2 1 ;0.00532259123233148
3 2 4 ;0.00517425895751899
3 5 ;0.0187022755662071
3 2 4 6 ;0.00412671443428402
3 2 4 6 8 ;0.00727210245475918
3 5 9 ;0.00436527583887334
3 2 4 6 8 7 ;0.0263622083991149
3 2 4 6 8 7 11 ;0.0755220042050911
3 5 9 10 ;0.00510566664136836
4 ;0.000750828459419684
4 6 ;0.000598820945491318
4 6 8 ;0.0010552431812317
4 2 ;0.000177318772887612
4 6 8 7 ;0.00382537798778801
4 6 5 ;0.00271385735934461
4 2 3 ;0.00517425895751899
4 6 8 9 ;0.00063343821017702
4 1 ;0.000772352719085474
4 6 8 7 11 ;0.0109588775001676
4 6 8 7 11 10 ;0.0007408751378936
5 ;0.00980919366397128
5 6 ;0.00216442865139577
5 9 ;0.00228955219639336
5 6 8 ;0.00381415946259851
5 6 4 ;0.00271385735934461
5 6 8 7 ;0.0138267670520337
5 3 ;0.0187022755662071
5 9 10 ;0.00267788123918746
5 9 10 11 ;0.0396106860107201
5 3 2 ;0.000640915845308971
5 3 2 1 ;0.00279165644882451
6 ;0.0004775878168447
6 8 ;0.000841605977478301
6 4 ;0.000598820945491318
6 8 7 ;0.00305091853507975
6 5 ;0.00216442865139577
6 8 9 ;0.000505196710606448
6 8 7 11 ;0.00874021929222817
6 8 7 11 10 ;0.000590882704296205
6 4 2 ;0.000141420045952957
6 4 2 3 ;0.00412671443428402
6 4 1 ;0.00061598755307307
7 ;0.0194898269582952
7 8 ;0.0053763332843924
7 11 ;0.0558341232728548
7 8 6 ;0.00305091853507975
7 8 9 ;0.00322728921025163
7 11 10 ;0.0037746670476344
7 8 6 4 ;0.00382537798778801
7 8 6 5 ;0.0138267670520337
7 8 6 4 2 ;0.000903417181535869
7 8 6 4 2 3 ;0.0263622083991149
7 8 6 4 1 ;0.00393504142435058
8 ;0.00148307933398881
8 7 ;0.0053763332843924
8 6 ;0.000841605977478301
8 9 ;0.000890258412071301
8 7 11 ;0.0154020277347283
8 6 4 ;0.0010552431812317
8 7 11 10 ;0.00104125440051989
8 6 5 ;0.00381415946259851
8 6 4 2 ;0.000249210620144373
8 6 4 2 3 ;0.00727210245475918
8 6 4 1 ;0.0010854942032307
9 ;0.000534401648044066
9 8 ;0.000890258412071301
9 10 ;0.000625041066869916
9 8 7 ;0.00322728921025163
9 10 11 ;0.00924548298904474
9 8 6 ;0.000505196710606448
9 5 ;0.00228955219639336
9 8 6 4 ;0.00063343821017702
9 5 3 ;0.00436527583887334
9 8 6 4 2 ;0.000149595403210377
9 8 6 4 1 ;0.000651597202883051
10 ;0.000731053762097808
10 11 ;0.0108136016652473
10 9 ;0.000625041066869916
10 11 7 ;0.0037746670476344
10 11 7 8 ;0.00104125440051989
10 11 7 8 6 ;0.000590882704296205
10 9 5 ;0.00267788123918746
10 11 7 8 6 4 ;0.0007408751378936
10 11 7 8 6 4 2 ;0.000174968155064034
10 9 5 3 ;0.00510566664136836
10 11 7 8 6 4 1 ;0.000762114062241613
11 ;0.159952642387187
11 10 ;0.0108136016652473
11 7 ;0.0558341232728548
11 7 8 ;0.0154020277347283
11 10 9 ;0.00924548298904474
11 7 8 6 ;0.00874021929222817
11 7 8 6 4 ;0.0109588775001676
11 10 9 5 ;0.0396106860107201
11 7 8 6 4 2 ;0.00258809410615213
11 7 8 6 4 2 3 ;0.0755220042050911
11 7 8 6 4 1 ;0.0112730394395558
