1 2 861
1 4 2095
2 1 861
2 3 366
2 4 1295
3 2 366
3 5 1893
4 1 2095
4 2 1295
4 6 639
5 3 1893
5 6 902
5 9 1176
6 4 639
6 5 902
6 8 548
7 8 260
7 11 700
8 6 548
8 7 260
8 9 587
9 5 1176
9 8 587
9 10 846
10 9 846
10 11 233
11 7 700
11 10 233
