1 ;0.00996125859825115
1 4 ;0.0104040958915926
1 5 ;0.00272840179180982
1 6 ;0.00150679954012413
1 4 10 ;0.00119979483892936
1 5 7 ;0.0136388150760699
1 5 7 13 ;0.0136388150760699
1 4 8 ;0.00739679871222816
1 4 10 15 ;0.00972007716989374
1 4 10 16 ;0.00137190914759244
1 6 12 ;0.00637566692425495
1 5 7 14 ;0.00170091731185851
1 3 ;0.00175467017213951
1 4 10 16 20 ;0.00166710285133117
1 2 ;0.00992659822611165
1 5 9 ;0.00172375378196429
1 5 7 14 18 ;0.000893559283653817
1 4 10 16 21 ;0.000332295522711948
1 4 10 16 20 22 ;0.000752932475450568
1 5 7 13 17 ;0.00186026402988317
1 4 10 15 19 ;0.00117464745675654
1 4 11 ;7.69311362523653e-05
2 ;0.00989205845533842
2 1 ;0.00992659822611165
2 7 ;0.0135913585823531
2 7 13 ;0.0135913585823531
2 1 4 ;0.0103678946594068
2 1 5 ;0.00271890827043223
2 7 13 15 ;0.00968625599271916
2 1 6 ;0.00150155660497841
2 7 14 ;0.00169499894055773
2 7 13 16 ;0.00136713556590815
2 1 4 10 ;0.00119562013196857
2 7 13 15 8 ;0.00737106142276035
2 1 6 12 ;0.00635348268056199
2 7 13 16 20 ;0.00166130213803254
2 7 14 18 ;0.00089045012862138
2 1 3 ;0.00174856476682867
2 1 5 9 ;0.00171775595076952
2 7 13 16 21 ;0.000331139294674709
2 7 13 16 20 22 ;0.000750312633837419
2 7 13 17 ;0.00185379120891205
2 7 13 15 19 ;0.00117056025054838
2 1 4 11 ;7.66634530288728e-05
3 ;0.000309084176726086
3 8 ;0.00130294198686352
3 1 ;0.00175467017213951
3 8 15 ;0.00171218619742501
3 8 4 ;0.00183267571552271
3 1 5 ;0.000480606460968818
3 1 6 ;0.000265421902500706
3 8 15 13 ;0.00240246970413036
3 8 15 10 ;0.000211343194817358
3 8 15 13 7 ;0.00240246970413036
3 8 15 13 16 ;0.000241661034739971
3 8 15 13 7 14 ;0.000299615640228217
3 1 6 12 ;0.0011230701892882
3 8 15 13 16 20 ;0.000293659241778253
3 1 2 ;0.00174856476682867
3 1 5 9 ;0.000303638271759798
3 8 15 13 7 14 18 ;0.000157399971760694
3 8 15 13 16 21 ;5.85336718535275e-05
3 8 15 13 16 20 22 ;0.000132628637563955
3 8 15 17 ;0.000327684476147734
3 8 15 19 ;0.000206913497408059
3 8 4 11 ;1.35513769429222e-05
4 ;0.010866619941024
4 1 ;0.0104040958915926
4 10 ;0.00125313286783364
4 8 ;0.00772563048472018
4 7 ;0.0142451416655363
4 7 13 ;0.0142451416655363
4 10 15 ;0.0101521925117985
4 1 5 ;0.00284969550712859
4 1 6 ;0.00157378575711419
4 10 16 ;0.00143289868296469
4 7 14 ;0.00177653322034554
4 10 16 20 ;0.001741215505583
4 1 6 12 ;0.00665910330492266
4 9 ;0.00180038490760599
4 1 3 ;0.00183267571552271
4 7 14 18 ;0.000933283317590935
4 1 2 ;0.0103678946594068
4 10 16 21 ;0.000347068038495552
4 10 16 20 22 ;0.000786404809916006
4 7 13 17 ;0.00194296384936566
4 10 15 19 ;0.00122686753469647
4 11 ;8.03511836104027e-05
5 ;0.000747312828406843
5 1 ;0.00272840179180982
5 7 ;0.0037356893332982
5 7 13 ;0.0037356893332982
5 1 4 ;0.00284969550712859
5 7 13 15 ;0.0026623418823324
5 1 6 ;0.000412714369838231
5 7 14 ;0.000465883482054152
5 7 13 16 ;0.000375767714448119
5 1 4 10 ;0.000328625379619576
5 7 13 15 8 ;0.00202599286636761
5 1 6 12 ;0.00174630353067772
5 7 13 16 20 ;0.000456621656976338
5 9 ;0.000472138421160557
5 7 14 18 ;0.000244747059476741
5 1 3 ;0.000480606460968818
5 1 2 ;0.00271890827043223
5 7 13 16 21 ;9.10161793949244e-05
5 7 13 16 20 22 ;0.000206229192312285
5 7 13 17 ;0.000509528757065265
5 7 13 15 19 ;0.000321737478667814
5 9 11 ;2.10715390958498e-05
6 ;0.000227927508529583
6 1 ;0.00150679954012413
6 7 ;0.0020630887233535
6 7 13 ;0.0020630887233535
6 12 ;0.000964421503035628
6 1 5 ;0.000412714369838231
6 1 4 ;0.00157378575711419
6 7 13 15 ;0.00147031699509721
6 7 14 ;0.000257290923432861
6 7 13 16 ;0.000207523181161796
6 1 4 10 ;0.000181488141655057
6 7 13 15 8 ;0.0011188840032657
6 7 13 16 20 ;0.000252175945935832
6 7 14 18 ;0.000135165120391473
6 1 3 ;0.000265421902500706
6 1 2 ;0.00150155660497841
6 1 5 9 ;0.000260745304454501
6 7 13 16 21 ;5.02650077667469e-05
6 7 13 16 20 22 ;0.000113893068487612
6 7 13 17 ;0.000281394660834277
6 7 13 15 19 ;0.000177684198255778
6 1 4 11 ;1.16370636885827e-05
7 ;0.0186740736468671
7 13 ;0.0186740736468671
7 5 ;0.0037356893332982
7 13 15 ;0.0133085928587964
7 6 ;0.0020630887233535
7 4 ;0.0142451416655363
7 14 ;0.00232887204436164
7 13 16 ;0.00187839869637226
7 5 1 ;0.0136388150760699
7 13 15 8 ;0.0101275926928253
7 13 15 10 ;0.00164274220732042
7 13 16 20 ;0.00228257376091878
7 6 12 ;0.00872947342033615
7 14 18 ;0.00122344879505482
7 2 ;0.0135913585823531
7 5 9 ;0.00236013941782562
7 13 15 8 3 ;0.00240246970413036
7 13 16 21 ;0.00045497435290656
7 13 16 20 22 ;0.00103090454847149
7 13 17 ;0.00254704732800486
7 13 15 19 ;0.00160831076557846
7 4 11 ;0.000105333029013237
8 ;0.00549254199653302
8 15 ;0.00721770784122109
8 4 ;0.00772563048472018
8 15 13 ;0.0101275926928253
8 15 10 ;0.000890915623964301
8 15 13 7 ;0.0101275926928253
8 4 1 ;0.00739679871222816
8 15 13 7 5 ;0.00202599286636761
8 15 13 16 ;0.00101872024665512
8 15 13 7 14 ;0.00126302744355723
8 15 13 7 6 ;0.0011188840032657
8 3 ;0.00130294198686352
8 15 13 16 20 ;0.00123791829137367
8 15 13 7 6 12 ;0.00473429380733116
8 4 9 ;0.00127998481606234
8 15 13 7 14 18 ;0.000663518379072145
8 15 13 7 2 ;0.00737106142276035
8 15 13 16 21 ;0.000246748246743282
8 15 13 16 20 22 ;0.000559095008916373
8 15 17 ;0.00138135140704609
8 15 19 ;0.000872242268359975
8 4 11 ;5.71257260263927e-05
9 ;0.000298288320851127
9 5 ;0.000472138421160557
9 4 ;0.00180038490760599
9 5 1 ;0.00172375378196429
9 5 7 ;0.00236013941782562
9 5 7 13 ;0.00236013941782562
9 4 10 ;0.000207619435916342
9 4 8 ;0.00127998481606234
9 5 7 13 15 ;0.00168201835313568
9 5 1 6 ;0.000260745304454501
9 5 7 14 ;0.00029433656602785
9 5 7 13 16 ;0.00023740309101995
9 5 1 6 12 ;0.00110328226747959
9 5 7 13 16 20 ;0.000288485116269351
9 5 7 14 18 ;0.000154626664835103
9 5 1 3 ;0.000303638271759798
9 5 1 2 ;0.00171775595076952
9 5 7 13 16 21 ;5.75023385202631e-05
9 5 7 13 16 20 22 ;0.000130291788865868
9 5 7 13 17 ;0.000321910843427577
9 11 ;1.33126086184638e-05
9 5 7 13 15 19 ;0.000203267787507726
10 ;0.000144510619950601
10 4 ;0.00125313286783364
10 15 ;0.00117074547431999
10 16 ;0.000165241118732765
10 4 1 ;0.00119979483892936
10 15 13 ;0.00164274220732042
10 15 8 ;0.000890915623964301
10 15 13 7 ;0.00164274220732042
10 4 1 5 ;0.000328625379619576
10 4 1 6 ;0.000181488141655057
10 16 20 ;0.0002007960517502
10 15 13 7 14 ;0.000204868871948744
10 4 1 6 12 ;0.000767924273323925
10 16 20 18 ;0.000107625738879371
10 4 9 ;0.000207619435916342
10 15 8 3 ;0.000211343194817358
10 16 21 ;4.00237027496831e-05
10 4 1 2 ;0.00119562013196857
10 16 20 22 ;9.06877870098161e-05
10 15 17 ;0.00022406156411717
10 15 19 ;0.000141481715616281
10 4 11 ;9.26605602275642e-06
11 ;5.94141760973764e-07
11 9 ;1.33126086184638e-05
11 4 ;8.03511836104027e-05
11 9 5 ;2.10715390958498e-05
11 4 10 ;9.26605602275642e-06
11 4 1 ;7.69311362523653e-05
11 4 8 ;5.71257260263927e-05
11 4 7 ;0.000105333029013237
11 4 7 13 ;0.000105333029013237
11 4 10 15 ;7.50684839435735e-05
11 4 1 6 ;1.16370636885827e-05
11 4 10 16 ;1.05953006357881e-05
11 4 7 14 ;1.31362417893224e-05
11 4 10 16 20 ;1.28750915697522e-05
11 4 1 6 12 ;4.92394907743554e-05
11 4 1 3 ;1.35513769429222e-05
11 4 7 14 18 ;6.9009884968157e-06
11 4 1 2 ;7.66634530288728e-05
11 4 10 16 21 ;2.56632953372899e-06
11 4 10 16 20 22 ;5.81492291224e-06
11 4 7 13 17 ;1.43668818690684e-05
11 4 10 15 19 ;9.07184194174995e-06
12 ;0.00408072216257644
12 6 ;0.000964421503035628
12 6 1 ;0.00637566692425495
12 6 7 ;0.00872947342033615
12 6 7 13 ;0.00872947342033615
12 6 1 5 ;0.00174630353067772
12 6 1 4 ;0.00665910330492266
12 6 7 13 15 ;0.00622129963819805
12 14 ;0.0010886658687902
12 6 7 13 16 ;0.000878085403477386
12 6 1 4 10 ;0.000767924273323925
12 6 7 13 15 8 ;0.00473429380733116
12 6 7 13 16 20 ;0.001067023047713
12 14 18 ;0.000571919332628588
12 6 1 3 ;0.0011230701892882
12 6 1 2 ;0.00635348268056199
12 6 1 5 9 ;0.00110328226747959
12 6 7 13 16 21 ;0.000212684526993861
12 6 7 13 16 20 22 ;0.000481911661320627
12 6 7 13 17 ;0.00119065514951992
12 6 7 13 15 19 ;0.000751828783866502
12 6 1 4 11 ;4.92394907743554e-05
13 ;0.0186740736468671
13 7 ;0.0186740736468671
13 15 ;0.0133085928587964
13 7 5 ;0.0037356893332982
13 16 ;0.00187839869637226
13 7 14 ;0.00232887204436164
13 7 4 ;0.0142451416655363
13 7 6 ;0.0020630887233535
13 15 8 ;0.0101275926928253
13 15 10 ;0.00164274220732042
13 7 5 1 ;0.0136388150760699
13 16 20 ;0.00228257376091878
13 7 6 12 ;0.00872947342033615
13 7 14 18 ;0.00122344879505482
13 7 2 ;0.0135913585823531
13 7 5 9 ;0.00236013941782562
13 15 8 3 ;0.00240246970413036
13 16 21 ;0.00045497435290656
13 16 20 22 ;0.00103090454847149
13 17 ;0.00254704732800486
13 15 19 ;0.00160831076557846
13 7 4 11 ;0.000105333029013237
14 ;0.000290437164465132
14 7 ;0.00232887204436164
14 7 13 ;0.00232887204436164
14 7 5 ;0.000465883482054152
14 7 13 15 ;0.00165973479834923
14 7 4 ;0.00177653322034554
14 7 6 ;0.000257290923432861
14 7 13 16 ;0.000234257950079393
14 7 5 1 ;0.00170091731185851
14 7 13 15 8 ;0.00126302744355723
14 7 13 15 10 ;0.000204868871948744
14 18 ;0.000152578154632538
14 7 13 16 20 ;0.000284663235324069
14 12 ;0.0010886658687902
14 7 2 ;0.00169499894055773
14 7 5 9 ;0.00029433656602785
14 7 13 15 8 3 ;0.000299615640228217
14 7 13 16 21 ;5.67405415348875e-05
14 7 13 16 20 22 ;0.000128565669641304
14 7 13 17 ;0.000317646134958435
14 7 13 15 19 ;0.000200574874632665
14 7 4 11 ;1.31362417893224e-05
15 ;0.00948473521260424
15 13 ;0.0133085928587964
15 10 ;0.00117074547431999
15 8 ;0.00721770784122109
15 13 7 ;0.0133085928587964
15 10 4 ;0.0101521925117985
15 13 7 5 ;0.0026623418823324
15 13 16 ;0.00133869256110095
15 13 7 6 ;0.00147031699509721
15 13 7 14 ;0.00165973479834923
15 10 4 1 ;0.00972007716989374
15 13 16 20 ;0.00162673905162283
15 13 7 6 12 ;0.00622129963819805
15 8 3 ;0.00171218619742501
15 13 7 14 18 ;0.000871924476944603
15 13 7 2 ;0.00968625599271916
15 13 7 5 9 ;0.00168201835313568
15 13 16 21 ;0.000324250002357872
15 13 16 20 22 ;0.000734702517047748
15 17 ;0.00181522342267236
15 19 ;0.00114620695913843
15 10 4 11 ;7.50684839435735e-05
16 ;0.000188945472169376
16 13 ;0.00187839869637226
16 10 ;0.000165241118732765
16 13 7 ;0.00187839869637226
16 20 ;0.000229600871130905
16 10 4 ;0.00143289868296469
16 13 15 ;0.00133869256110095
16 13 7 5 ;0.000375767714448119
16 13 7 6 ;0.000207523181161796
16 13 7 14 ;0.000234257950079393
16 10 4 1 ;0.00137190914759244
16 13 15 8 ;0.00101872024665512
16 20 18 ;0.000123064986524498
16 13 7 6 12 ;0.000878085403477386
16 21 ;4.57652276382595e-05
16 13 7 2 ;0.00136713556590815
16 20 22 ;0.000103697232674133
16 13 7 5 9 ;0.00023740309101995
16 13 15 8 3 ;0.000241661034739971
16 13 17 ;0.000256203893751133
16 13 15 19 ;0.000161777708632464
16 10 4 11 ;1.05953006357881e-05
17 ;0.000347404118339496
17 13 ;0.00254704732800486
17 15 ;0.00181522342267236
17 13 7 ;0.00254704732800486
17 15 10 ;0.00022406156411717
17 15 8 ;0.00138135140704609
17 13 7 5 ;0.000509528757065265
17 13 16 ;0.000256203893751133
17 13 7 14 ;0.000317646134958435
17 13 7 4 ;0.00194296384936566
17 13 7 6 ;0.000281394660834277
17 13 7 5 1 ;0.00186026402988317
17 13 16 20 ;0.000311331287894836
17 13 7 6 12 ;0.00119065514951992
17 13 7 14 18 ;0.000166872105322233
17 13 7 2 ;0.00185379120891205
17 15 8 3 ;0.000327684476147734
17 13 7 5 9 ;0.000321910843427577
17 13 16 21 ;6.20561550626532e-05
17 13 16 20 22 ;0.000140610063195979
17 15 19 ;0.000219365293054593
17 13 7 4 11 ;1.43668818690684e-05
18 ;8.01553524114013e-05
18 20 ;0.000149544880791896
18 14 ;0.000152578154632538
18 20 16 ;0.000123064986524498
18 14 7 ;0.00122344879505482
18 14 7 13 ;0.00122344879505482
18 20 16 10 ;0.000107625738879371
18 14 7 5 ;0.000244747059476741
18 14 7 13 15 ;0.000871924476944603
18 14 7 4 ;0.000933283317590935
18 14 7 6 ;0.000135165120391473
18 14 7 5 1 ;0.000893559283653817
18 14 7 13 15 8 ;0.000663518379072145
18 20 22 ;6.75406422559317e-05
18 14 12 ;0.000571919332628588
18 20 16 21 ;2.98080555089683e-05
18 14 7 2 ;0.00089045012862138
18 14 7 5 9 ;0.000154626664835103
18 14 7 13 15 8 3 ;0.000157399971760694
18 14 7 13 17 ;0.000166872105322233
18 14 7 13 15 19 ;0.000105369931886863
18 14 7 4 11 ;6.9009884968157e-06
19 ;0.000138516296314892
19 15 ;0.00114620695913843
19 15 13 ;0.00160831076557846
19 15 10 ;0.000141481715616281
19 15 8 ;0.000872242268359975
19 15 13 7 ;0.00160831076557846
19 15 10 4 ;0.00122686753469647
19 15 13 7 5 ;0.000321737478667814
19 15 13 16 ;0.000161777708632464
19 15 13 7 14 ;0.000200574874632665
19 15 13 7 6 ;0.000177684198255778
19 15 10 4 1 ;0.00117464745675654
19 15 13 16 20 ;0.000196587419667184
19 15 13 7 6 12 ;0.000751828783866502
19 15 8 3 ;0.000206913497408059
19 15 13 7 14 18 ;0.000105369931886863
19 15 13 7 2 ;0.00117056025054838
19 15 13 7 5 9 ;0.000203267787507726
19 15 13 16 21 ;3.91848165365072e-05
19 15 13 16 20 22 ;8.87869950040946e-05
19 15 17 ;0.000219365293054593
19 15 10 4 11 ;9.07184194174995e-06
20 ;0.000279004092655968
20 16 ;0.000229600871130905
20 18 ;0.000149544880791896
20 16 10 ;0.0002007960517502
20 16 13 ;0.00228257376091878
20 16 13 7 ;0.00228257376091878
20 16 10 4 ;0.001741215505583
20 16 10 15 ;0.00162673905162283
20 16 13 7 5 ;0.000456621656976338
20 16 13 7 14 ;0.000284663235324069
20 16 13 7 6 ;0.000252175945935832
20 16 10 4 1 ;0.00166710285133117
20 16 10 15 8 ;0.00123791829137367
20 22 ;0.000126009767169768
20 16 13 7 6 12 ;0.001067023047713
20 16 21 ;5.56125320845428e-05
20 16 13 7 2 ;0.00166130213803254
20 16 13 7 5 9 ;0.000288485116269351
20 16 10 15 8 3 ;0.000293659241778253
20 16 13 17 ;0.000311331287894836
20 16 10 15 19 ;0.000196587419667184
20 16 10 4 11 ;1.28750915697522e-05
21 ;1.10849761930478e-05
21 22 ;2.51169155010766e-05
21 16 ;4.57652276382595e-05
21 16 13 ;0.00045497435290656
21 16 10 ;4.00237027496831e-05
21 16 13 7 ;0.00045497435290656
21 16 20 ;5.56125320845428e-05
21 16 10 4 ;0.000347068038495552
21 16 13 15 ;0.000324250002357872
21 16 13 7 5 ;9.10161793949244e-05
21 16 13 7 6 ;5.02650077667469e-05
21 16 13 7 14 ;5.67405415348875e-05
21 16 10 4 1 ;0.000332295522711948
21 16 13 15 8 ;0.000246748246743282
21 16 20 18 ;2.98080555089683e-05
21 16 13 7 6 12 ;0.000212684526993861
21 16 13 7 2 ;0.000331139294674709
21 16 13 7 5 9 ;5.75023385202631e-05
21 16 13 15 8 3 ;5.85336718535275e-05
21 16 13 17 ;6.20561550626532e-05
21 16 13 15 19 ;3.91848165365072e-05
21 16 10 4 11 ;2.56632953372899e-06
22 ;5.69112132765683e-05
22 21 ;2.51169155010766e-05
22 20 ;0.000126009767169768
22 20 16 ;0.000103697232674133
22 20 18 ;6.75406422559317e-05
22 20 16 13 ;0.00103090454847149
22 20 16 10 ;9.06877870098161e-05
22 20 16 13 7 ;0.00103090454847149
22 20 16 13 15 ;0.000734702517047748
22 20 16 10 4 ;0.000786404809916006
22 20 16 13 7 5 ;0.000206229192312285
22 20 16 13 7 14 ;0.000128565669641304
22 20 16 13 7 6 ;0.000113893068487612
22 20 16 10 4 1 ;0.000752932475450568
22 20 16 13 15 8 ;0.000559095008916373
22 20 16 13 7 6 12 ;0.000481911661320627
22 20 16 13 7 2 ;0.000750312633837419
22 20 16 13 7 5 9 ;0.000130291788865868
22 20 16 13 15 8 3 ;0.000132628637563955
22 20 16 13 17 ;0.000140610063195979
22 20 16 13 15 19 ;8.87869950040946e-05
22 20 16 10 4 11 ;5.81492291224e-06
