1 2 0.3121
3 4 10.7862
2 5 0.222358
2 1 0.3121
2 6 2.5
2 7 4
2 8 2.5
2 9 3.86058
2 10 11.76988
2 11 0.352819
2 12 3.5
13 14 2.62277
15 16 0.5
15 17 14.19212
15 18 8.9093
16 10 5.5
16 15 0.5
16 19 11.74719
16 20 44.5302
21 10 2.5
21 9 11.4093
21 22 19.7751
21 23 0.345751
21 18 14.4093
21 20 39.5302
24 25 5.33789
24 19 5.73559
26 27 2.1842
26 7 5.17638
26 18 1.3158
28 29 0.645327
9 2 3.86058
9 6 2.36058
9 21 11.4093
9 7 5.86058
9 17 8.28282
9 29 3
9 25 7.73559
9 27 5.5
30 17 3
30 18 3.28282
31 10 0.124478
22 32 20.7416
22 21 19.7751
14 33 7.5526
14 34 1.5
14 13 2.62277
14 8 30.8906
35 7 0.802793
18 15 8.9093
18 36 2.09175
18 21 14.4093
18 7 3.86058
18 17 5.28282
18 19 4.33789
18 29 4
18 25 5.73559
18 26 1.3158
18 10 13.9093
18 27 2.5
18 30 3.28282
18 37 2.47832
18 12 4.36058
11 2 0.352819
38 32 3.37557
12 25 5.09617
12 2 3.5
12 7 5.5
12 39 3.23559
12 18 4.36058
34 40 2
34 14 1.5
34 41 3
42 20 26.19
7 2 4
7 8 2.5
7 29 6.86058
7 26 5.17638
7 9 5.86058
7 18 3.86058
7 35 0.802793
7 12 5.5
40 34 2
40 43 0.699744
17 25 1.54723
17 9 8.28282
17 30 3
17 15 14.19212
17 18 5.28282
29 28 0.645327
29 9 3
29 7 6.86058
29 18 4
44 39 1.64385
45 33 2.32934
32 25 9.9093
32 10 4.73559
32 22 20.7416
32 46 0.5
32 47 0.268065
32 38 3.37557
32 48 2.7081
33 6 28.338
33 49 1.71247
33 45 2.32934
33 14 7.5526
33 43 3.352856
49 33 1.71247
49 50 3.20129
49 41 2.34013
36 18 2.09175
8 2 2.5
8 6 2
8 7 2.5
8 14 30.8906
39 44 1.64385
39 25 2.86058
39 12 3.23559
27 26 2.1842
27 9 5.5
27 18 2.5
10 2 11.76988
10 16 5.5
10 21 2.5
10 32 4.73559
10 31 0.124478
10 18 13.9093
10 4 59.8123
10 20 42.0302
47 32 0.268065
50 49 3.20129
50 41 2.5299
5 2 0.222358
6 33 28.338
6 2 2.5
6 9 2.36058
6 8 2
23 21 0.345751
19 16 11.74719
19 18 4.33789
19 24 5.73559
43 33 3.352856
43 40 0.699744
41 34 3
41 49 2.34013
41 50 2.5299
48 32 2.7081
25 39 2.86058
25 17 1.54723
25 24 5.33789
25 9 7.73559
25 32 9.9093
25 46 10.4093
25 18 5.73559
25 51 0.0922382
25 12 5.09617
46 25 10.4093
46 32 0.5
52 20 14.1254
4 10 59.8123
4 3 10.7862
20 10 42.0302
20 16 44.5302
20 42 26.19
20 21 39.5302
20 52 14.1254
51 25 0.0922382
37 18 2.47832
