1 ;0.000290959013401952
1 5 ;0.000132392617907408
1 4 ;0.000760969727358951
1 2 ;0.000129812482902409
1 3 ;0.000145479506700976
1 4 26 ;0.000380484863679476
1 2 30 ;0.000131539660368888
1 4 25 ;0.000111922532241452
1 2 40 ;2.67718102669907e-05
1 3 31 ;4.30104566195793e-05
1 2 9 ;0.00447629251387618
1 3 7 ;0.000447629251387618
1 2 28 ;0.000165622823013419
1 2 15 ;3.13629196838478e-05
1 2 15 16 ;6.88543314484434e-05
1 2 41 ;0.000130773766719764
1 2 29 ;0.000115437317123347
1 2 28 18 ;0.00010328955449919
1 2 37 ;0.000111936856377496
1 2 39 ;6.35541772973883e-05
1 2 28 18 17 ;0.00223814625693809
1 3 33 ;3.71800856202556e-05
1 3 12 ;8.20972190361204e-05
1 2 37 38 ;0.000111936856377496
1 3 11 ;0.000290959013401952
1 3 24 ;0.000112166490183458
1 3 8 ;0.000265582463511536
1 3 19 ;0.000369615754011907
1 3 32 ;0.000356553484827165
1 3 10 ;0.00018467056673309
1 3 7 6 ;0.000716206802220189
1 3 22 ;0.000447629251387618
1 3 34 ;0.000571594129564525
1 2 35 ;0.000220718821791212
1 3 22 23 ;5.6627786076042e-05
1 2 35 36 ;6.98961885310481e-05
1 3 21 ;0.00182256658850595
1 3 21 27 ;0.000123214651551582
1 3 21 14 ;0.000636197102197915
1 3 21 14 13 ;0.000271671788032788
1 3 21 14 20 ;0.000204193245088484
2 ;5.79163385256903e-05
2 30 ;5.86869253953502e-05
2 40 ;1.19443461191189e-05
2 9 ;0.00199711512157553
2 28 ;7.38932594982945e-05
2 3 ;6.49062414512046e-05
2 15 ;1.39926872435629e-05
2 15 16 ;3.07196248000748e-05
2 41 ;5.83452189980486e-05
2 29 ;5.15028030242627e-05
2 31 ;1.91892806456585e-05
2 28 18 ;4.6083032007331e-05
2 26 ;0.00016975478533392
2 37 ;4.99410589991906e-05
2 39 ;2.83549406403733e-05
2 9 7 ;0.000199711512157553
2 1 ;0.000129812482902409
2 5 ;5.90674756817664e-05
2 28 18 17 ;0.000998557560787764
2 40 25 ;4.99346682308015e-05
2 4 ;0.00033950957066784
2 37 38 ;4.99410589991906e-05
2 9 33 ;1.65880381998063e-05
2 9 12 ;3.66279900314999e-05
2 9 11 ;0.000129812482902409
2 24 ;5.00435110049274e-05
2 9 8 ;0.000118490637566685
2 9 19 ;0.000164905490251466
2 9 32 ;0.000159077708615197
2 9 10 ;8.23914836193788e-05
2 9 7 6 ;0.000319538419452084
2 9 22 ;0.000199711512157553
2 9 34 ;0.000255018919344173
2 35 ;9.84745512606947e-05
2 9 22 23 ;2.52647045570034e-05
2 35 36 ;3.11844533446215e-05
2 9 21 ;0.000813145093333424
2 9 21 27 ;5.49726906922441e-05
2 9 21 14 ;0.000283841784057531
2 9 21 14 13 ;0.000121207413122321
2 9 21 14 20 ;9.11016016548622e-05
3 ;7.2739753350488e-05
3 40 ;1.33859051334953e-05
3 31 ;2.15052283097897e-05
3 7 ;0.000223814625693809
3 2 ;6.49062414512046e-05
3 15 ;1.56814598419239e-05
3 15 16 ;3.44271657242217e-05
3 2 30 ;6.57698301844442e-05
3 29 ;5.77186585616737e-05
3 9 ;0.00223814625693809
3 26 ;0.000190242431839738
3 37 ;5.59684281887481e-05
3 39 ;3.17770886486942e-05
3 1 ;0.000145479506700976
3 28 ;8.28114115067094e-05
3 5 ;6.61963089537038e-05
3 33 ;1.85900428101278e-05
3 2 41 ;6.53868833598821e-05
3 40 25 ;5.59612661207259e-05
3 4 ;0.000380484863679476
3 12 ;4.10486095180602e-05
3 17 ;0.00111907312846905
3 28 18 ;5.16447772495951e-05
3 37 38 ;5.59684281887481e-05
3 11 ;0.000145479506700976
3 24 ;5.6083245091729e-05
3 8 ;0.000132791231755768
3 19 ;0.000184807877005954
3 32 ;0.000178276742413582
3 10 ;9.23352833665452e-05
3 7 6 ;0.000358103401110095
3 22 ;0.000223814625693809
3 34 ;0.000285797064782263
3 35 ;0.000110359410895606
3 22 23 ;2.8313893038021e-05
3 35 36 ;3.49480942655241e-05
3 21 ;0.000911283294252975
3 21 27 ;6.16073257757908e-05
3 21 14 ;0.000318098551098957
3 21 14 13 ;0.000135835894016394
3 21 14 20 ;0.000102096622544242
4 ;0.00199022851770803
4 26 ;0.000995114258854013
4 25 ;0.000292720468939181
4 1 ;0.000760969727358951
4 2 ;0.00033950957066784
4 3 ;0.000380484863679476
4 1 5 ;0.000346257616065527
4 2 30 ;0.000344026804041708
4 25 40 ;7.00185806982833e-05
4 3 31 ;0.000112488886543515
4 2 9 ;0.0117072265747531
4 3 7 ;0.00117072265747531
4 2 28 ;0.000433167383265864
4 2 15 ;8.20260976346788e-05
4 2 15 16 ;0.000180080559172852
4 2 41 ;0.000342023697574768
4 2 29 ;0.000301912983245678
4 2 28 18 ;0.000270141911767113
4 2 37 ;0.000292757932064221
4 2 39 ;0.000166218617547016
4 2 28 18 17 ;0.00585361328737655
4 3 33 ;9.72402239298992e-05
4 3 12 ;0.00021471580363293
4 2 37 38 ;0.000292757932064221
4 3 11 ;0.000760969727358951
4 3 24 ;0.000293358512787506
4 3 8 ;0.000694600289184018
4 3 19 ;0.000966687356646526
4 3 32 ;0.000932524498778739
4 3 10 ;0.000482984559148083
4 3 7 6 ;0.00187315625196049
4 3 22 ;0.00117072265747531
4 3 34 ;0.00149493849270722
4 2 35 ;0.000577264610838555
4 3 22 23 ;0.000148103440506571
4 2 35 36 ;0.000182805416158126
4 3 21 ;0.00476671261609248
4 3 21 27 ;0.000322253704057982
4 3 21 14 ;0.0016639001134407
4 3 21 14 13 ;0.000710526214854984
4 3 21 14 20 ;0.000534043871769882
5 ;6.02414926811792e-05
5 1 ;0.000132392617907408
5 2 ;5.90674756817664e-05
5 3 ;6.61963089537038e-05
5 2 30 ;5.98533786297599e-05
5 1 4 ;0.000346257616065527
5 2 40 ;1.21817502950865e-05
5 3 31 ;1.95706841409742e-05
5 2 9 ;0.00203680950626781
5 3 7 ;0.000203680950626781
5 2 28 ;7.53619517319089e-05
5 2 15 ;1.42708039651901e-05
5 1 4 26 ;0.000173128808032764
5 2 15 16 ;3.13302038254114e-05
5 2 41 ;5.95048805232374e-05
5 1 4 25 ;5.09271628090165e-05
5 2 29 ;5.2526465633338e-05
5 2 28 18 ;4.69989719952284e-05
5 2 37 ;5.09336805994366e-05
5 2 39 ;2.8918519529515e-05
5 2 28 18 17 ;0.0010184047531339
5 3 33 ;1.69177397590604e-05
5 3 12 ;3.73560029092294e-05
5 2 37 38 ;5.09336805994366e-05
5 3 11 ;0.000132392617907408
5 3 24 ;5.10381689271081e-05
5 3 8 ;0.000120845741135425
5 3 19 ;0.00016818312903012
5 3 32 ;0.000162239515209879
5 3 10 ;8.4029085383455e-05
5 3 7 6 ;0.000325889521002849
5 3 22 ;0.000203680950626781
5 3 34 ;0.000260087640210034
5 2 35 ;0.000100431817858856
5 3 22 23 ;2.57668623399915e-05
5 2 35 36 ;3.18042712379953e-05
5 3 21 ;0.000829307053050575
5 3 21 27 ;5.6065320310003e-05
5 3 21 14 ;0.000289483384206868
5 3 21 14 13 ;0.000123616514947276
5 3 21 14 20 ;9.29123245236161e-05
6 ;0.00176297059008047
6 7 ;0.00110185661880029
6 7 3 ;0.000358103401110095
6 7 3 40 ;6.58998406572078e-05
6 7 3 31 ;0.000105871893217426
6 7 9 ;0.0110185661880029
6 7 3 2 ;0.000319538419452084
6 7 3 15 ;7.7201033067933e-05
6 7 3 15 16 ;0.000169487585103861
6 7 33 ;9.15202107575522e-05
6 7 3 2 30 ;0.000323789933215725
6 7 3 29 ;0.000284153395995932
6 7 12 ;0.000202085462242758
6 7 17 ;0.00550928309400146
6 7 3 26 ;0.000936578125980247
6 7 3 37 ;0.000275536877236914
6 7 3 39 ;0.000156441051808956
6 7 3 1 ;0.000716206802220189
6 7 17 18 ;0.00025425121107493
6 7 3 28 ;0.000407686948956108
6 7 3 5 ;0.000325889521002849
6 7 3 2 41 ;0.000321904656540958
6 7 11 ;0.000716206802220189
6 7 3 40 25 ;0.000275501617825112
6 7 3 4 ;0.00187315625196049
6 7 3 37 38 ;0.000275536877236914
6 7 3 24 ;0.000276102129682358
6 7 8 ;0.000653741448643782
6 7 19 ;0.000909823394490848
6 7 32 ;0.000877670116497637
6 7 10 ;0.000454573702727607
6 7 22 ;0.00110185661880029
6 7 3 34 ;0.00140700093431268
6 7 22 23 ;0.00013939147341795
6 7 3 35 ;0.000543307869024523
6 7 3 35 36 ;0.000172052156384118
6 7 3 21 ;0.00448631775632234
6 7 3 21 27 ;0.000303297603819278
6 7 3 21 14 ;0.00156602363617948
6 7 3 21 14 13 ;0.000668730555157632
6 7 3 21 14 20 ;0.000502629526371654
7 ;0.000688660386750182
7 3 ;0.000223814625693809
7 3 40 ;4.11874004107549e-05
7 3 31 ;6.61699332608912e-05
7 9 ;0.00688660386750182
7 3 2 ;0.000199711512157553
7 3 15 ;4.82506456674581e-05
7 3 15 16 ;0.000105929740689913
7 33 ;5.72001317234701e-05
7 3 2 30 ;0.000202368708259828
7 3 29 ;0.000177595872497457
7 12 ;0.000126303413901724
7 17 ;0.00344330193375091
7 3 26 ;0.000585361328737655
7 3 37 ;0.000172210548273071
7 3 39 ;9.77756573805975e-05
7 3 1 ;0.000447629251387618
7 17 18 ;0.000158907006921831
7 3 28 ;0.000254804343097567
7 3 5 ;0.000203680950626781
7 3 2 41 ;0.000201190410338099
7 11 ;0.000447629251387618
7 3 40 25 ;0.000172188511140695
7 3 4 ;0.00117072265747531
7 3 37 38 ;0.000172210548273071
7 3 24 ;0.000172563831051474
7 8 ;0.000408588405402364
7 19 ;0.00056863962155678
7 32 ;0.000548543822811023
7 6 ;0.00110185661880029
7 10 ;0.000284108564204754
7 22 ;0.000688660386750182
7 3 34 ;0.000879375583945424
7 22 23 ;8.71196708862185e-05
7 3 35 ;0.000339567418140327
7 3 35 36 ;0.000107532597740074
7 3 21 ;0.00280394859770146
7 3 21 27 ;0.000189561002387048
7 3 21 14 ;0.000978764772612177
7 3 21 14 13 ;0.00041795659697352
7 3 21 14 20 ;0.000314143453982283
8 ;0.000242419178220871
8 7 ;0.000408588405402364
8 3 ;0.000132791231755768
8 3 40 ;2.44368553503046e-05
8 3 31 ;3.92592169330861e-05
8 9 ;0.00408588405402364
8 3 2 ;0.000118490637566685
8 3 15 ;2.86275423303139e-05
8 3 15 16 ;6.28490685189916e-05
8 3 2 30 ;0.00012006717592893
8 3 29 ;0.000105369229515594
8 3 26 ;0.000347300144592009
8 3 37 ;0.000102174068185347
8 3 39 ;5.80111775048249e-05
8 3 1 ;0.000265582463511536
8 3 28 ;0.000151177709998875
8 3 5 ;0.000120845741135425
8 7 33 ;3.39373529527203e-05
8 3 2 41 ;0.000119368081167287
8 3 40 25 ;0.000102160993356375
8 3 4 ;0.000694600289184018
8 7 12 ;7.49369521986178e-05
8 7 17 ;0.00204294202701182
8 3 28 18 ;9.42809573697846e-05
8 3 37 38 ;0.000102174068185347
8 7 11 ;0.000265582463511536
8 3 24 ;0.000102383674037319
8 7 19 ;0.000337379005226232
8 7 32 ;0.000325455986968185
8 7 6 ;0.000653741448643782
8 7 10 ;0.000168564168119759
8 7 22 ;0.000408588405402364
8 3 34 ;0.000521741448335075
8 3 35 ;0.000201468405289419
8 7 22 23 ;5.16888848138314e-05
8 3 35 36 ;6.38000580325656e-05
8 3 21 ;0.00166360793855366
8 3 21 27 ;0.000112468248765257
8 3 21 14 ;0.000580709948473758
8 3 21 14 13 ;0.000247977410593762
8 3 21 14 20 ;0.000186384138538775
9 ;0.0688660386750182
9 2 ;0.00199711512157553
9 2 30 ;0.00202368708259828
9 2 40 ;0.000411874004107549
9 7 ;0.00688660386750182
9 2 28 ;0.00254804343097567
9 3 ;0.00223814625693809
9 2 15 ;0.000482506456674581
9 2 15 16 ;0.00105929740689913
9 2 41 ;0.00201190410338099
9 2 29 ;0.00177595872497457
9 2 31 ;0.000661699332608912
9 2 28 18 ;0.00158907006921831
9 2 26 ;0.00585361328737655
9 2 37 ;0.00172210548273071
9 2 39 ;0.000977756573805975
9 2 1 ;0.00447629251387618
9 2 5 ;0.00203680950626781
9 2 28 18 17 ;0.0344330193375091
9 33 ;0.000572001317234701
9 2 40 25 ;0.00172188511140695
9 2 4 ;0.0117072265747531
9 12 ;0.00126303413901724
9 2 37 38 ;0.00172210548273071
9 11 ;0.00447629251387618
9 24 ;0.00172563831051474
9 8 ;0.00408588405402364
9 19 ;0.0056863962155678
9 32 ;0.00548543822811023
9 10 ;0.00284108564204754
9 7 6 ;0.0110185661880029
9 22 ;0.00688660386750182
9 34 ;0.00879375583945424
9 2 35 ;0.00339567418140327
9 22 23 ;0.000871196708862185
9 2 35 36 ;0.00107532597740074
9 21 ;0.0280394859770146
9 21 27 ;0.00189561002387048
9 21 14 ;0.00978764772612177
9 21 14 13 ;0.0041795659697352
9 21 14 20 ;0.00314143453982284
10 ;0.000117209698434082
10 7 ;0.000284108564204754
10 3 ;9.23352833665452e-05
10 3 40 ;1.6991965007958e-05
10 3 31 ;2.72985713916138e-05
10 9 ;0.00284108564204754
10 3 2 ;8.23914836193788e-05
10 3 15 ;1.9905924496724e-05
10 3 15 16 ;4.37015793459753e-05
10 3 2 30 ;8.34877165143628e-05
10 3 29 ;7.32676211885073e-05
10 3 26 ;0.000241492279574041
10 3 37 ;7.10458922164261e-05
10 3 39 ;4.03375918915089e-05
10 3 1 ;0.00018467056673309
10 3 28 ;0.000105120168755759
10 3 5 ;8.4029085383455e-05
10 7 33 ;2.35980573428469e-05
10 3 2 41 ;8.30016067610085e-05
10 3 40 25 ;7.10368007423716e-05
10 3 4 ;0.000482984559148083
10 7 12 ;5.21067891636909e-05
10 7 17 ;0.00142054282102377
10 3 28 18 ;6.55574829731187e-05
10 3 37 38 ;7.10458922164261e-05
10 7 11 ;0.00018467056673309
10 3 24 ;7.11916399098632e-05
10 7 8 ;0.000168564168119759
10 7 19 ;0.000234593697472304
10 7 32 ;0.000226303125460245
10 7 6 ;0.000454573702727607
10 7 22 ;0.000284108564204754
10 3 34 ;0.000362788595595644
10 3 35 ;0.000140089387272337
10 7 22 23 ;3.59414380232867e-05
10 3 35 36 ;4.43628420291619e-05
10 3 21 ;0.00115677600385323
10 3 21 27 ;7.82038654372828e-05
10 3 21 14 ;0.000403791853853085
10 3 21 14 13 ;0.000172429038972918
10 3 21 14 20 ;0.000129600667299026
11 ;0.000290959013401952
11 12 ;8.20972190361204e-05
11 12 33 ;3.71800856202556e-05
11 7 ;0.000447629251387618
11 3 ;0.000145479506700976
11 3 40 ;2.67718102669907e-05
11 3 31 ;4.30104566195793e-05
11 9 ;0.00447629251387618
11 3 2 ;0.000129812482902409
11 3 15 ;3.13629196838478e-05
11 3 15 16 ;6.88543314484434e-05
11 3 2 30 ;0.000131539660368888
11 3 29 ;0.000115437317123347
11 3 26 ;0.000380484863679476
11 3 37 ;0.000111936856377496
11 3 39 ;6.35541772973883e-05
11 3 1 ;0.000290959013401952
11 3 28 ;0.000165622823013419
11 3 5 ;0.000132392617907408
11 3 2 41 ;0.000130773766719764
11 3 40 25 ;0.000111922532241452
11 3 4 ;0.000760969727358951
11 7 17 ;0.00223814625693809
11 3 28 18 ;0.00010328955449919
11 3 37 38 ;0.000111936856377496
11 3 24 ;0.000112166490183458
11 7 8 ;0.000265582463511536
11 7 19 ;0.000369615754011907
11 7 32 ;0.000356553484827165
11 7 6 ;0.000716206802220189
11 7 10 ;0.00018467056673309
11 7 22 ;0.000447629251387618
11 3 34 ;0.000571594129564525
11 3 35 ;0.000220718821791212
11 7 22 23 ;5.6627786076042e-05
11 3 35 36 ;6.98961885310481e-05
11 3 21 ;0.00182256658850595
11 3 21 27 ;0.000123214651551582
11 3 21 14 ;0.000636197102197915
11 3 21 14 13 ;0.000271671788032788
11 3 21 14 20 ;0.000204193245088484
12 ;2.31646144749387e-05
12 33 ;1.04907615586772e-05
12 11 ;8.20972190361204e-05
12 7 ;0.000126303413901724
12 3 ;4.10486095180602e-05
12 3 40 ;7.55395457863429e-06
12 3 31 ;1.21358635247471e-05
12 9 ;0.00126303413901724
12 3 2 ;3.66279900314999e-05
12 3 15 ;8.84938554331732e-06
12 3 15 16 ;1.94279911263631e-05
12 3 2 30 ;3.71153317540397e-05
12 3 29 ;3.25718821974599e-05
12 3 26 ;0.000107357901816465
12 3 37 ;3.15841895007484e-05
12 3 39 ;1.79324955540598e-05
12 3 1 ;8.20972190361204e-05
12 3 28 ;4.67322631436378e-05
12 3 5 ;3.73560029092294e-05
12 3 2 41 ;3.68992266128538e-05
12 3 40 25 ;3.15801477915036e-05
12 3 4 ;0.00021471580363293
12 7 17 ;0.000631517069508619
12 3 28 18 ;2.9144260150995e-05
12 3 37 38 ;3.15841895007484e-05
12 3 24 ;3.164898315208e-05
12 7 8 ;7.49369521986178e-05
12 7 19 ;0.00010429106547181
12 7 32 ;0.000100605405550744
12 7 6 ;0.000202085462242758
12 7 10 ;5.21067891636909e-05
12 7 22 ;0.000126303413901724
12 3 34 ;0.000161281439285718
12 3 35 ;6.22781925403176e-05
12 7 22 23 ;1.59781396790515e-05
12 3 35 36 ;1.97219623222194e-05
12 3 21 ;0.000514256790587138
12 3 21 27 ;3.47663408622954e-05
12 3 21 14 ;0.00017950986373855
12 3 21 14 13 ;7.66551206896299e-05
12 3 21 14 20 ;5.76153231058937e-05
13 ;0.000253663083160691
13 14 ;0.000594024575057988
13 14 21 ;0.00170175145330249
13 14 21 27 ;0.00011504694186123
13 14 20 ;0.000190657589015023
13 14 21 9 ;0.0041795659697352
13 14 21 9 2 ;0.000121207413122321
13 14 21 3 ;0.000135835894016394
13 14 21 9 2 30 ;0.000122820098651743
13 14 21 9 2 40 ;2.49971481517923e-05
13 14 21 3 31 ;4.01593596202006e-05
13 14 21 9 7 ;0.00041795659697352
13 14 21 9 2 28 ;0.000154643940880202
13 14 21 9 2 15 ;2.92839199886512e-05
13 14 21 9 2 15 16 ;6.42900837464668e-05
13 14 21 9 2 41 ;0.000122104974914321
13 14 21 9 2 29 ;0.000107785154967113
13 14 21 9 2 28 18 ;9.64426488384457e-05
13 14 21 9 2 26 ;0.000355263107427492
13 14 21 9 2 37 ;0.00010451673437878
13 14 21 9 2 39 ;5.93412686600019e-05
13 14 21 9 2 1 ;0.000271671788032788
13 14 21 9 2 5 ;0.000123616514947276
13 14 21 9 2 28 18 17 ;0.0020897829848676
13 14 21 9 33 ;3.47154749446206e-05
13 14 21 9 2 40 25 ;0.000104503359767677
13 14 21 9 2 4 ;0.000710526214854984
13 14 21 9 12 ;7.66551206896299e-05
13 14 21 9 2 37 38 ;0.00010451673437878
13 14 21 9 11 ;0.000271671788032788
13 14 21 9 24 ;0.000104731146113028
13 14 21 9 8 ;0.000247977410593762
13 14 21 9 19 ;0.000345114494318079
13 14 21 9 32 ;0.000332918102861795
13 14 21 9 10 ;0.000172429038972918
13 14 21 9 7 6 ;0.000668730555157632
13 14 21 9 22 ;0.00041795659697352
13 14 21 9 34 ;0.000533704034091277
13 14 21 9 2 35 ;0.000206087710662091
13 14 21 9 22 23 ;5.28740172567321e-05
13 14 21 9 2 35 36 ;6.52628777259227e-05
14 ;0.00139107824195801
14 21 ;0.00398513718002058
14 13 ;0.000594024575057988
14 21 27 ;0.000269415280691614
14 20 ;0.000446479211263406
14 21 9 ;0.00978764772612177
14 21 9 2 ;0.000283841784057531
14 21 3 ;0.000318098551098957
14 21 9 2 30 ;0.000287618347932655
14 21 9 2 40 ;5.85379635203891e-05
14 21 3 31 ;9.4044613176441e-05
14 21 9 7 ;0.000978764772612177
14 21 9 2 28 ;0.000362142965866505
14 21 9 2 15 ;6.85766644106859e-05
14 21 9 2 15 16 ;0.000150553597323205
14 21 9 2 41 ;0.000285943681406716
14 21 9 2 29 ;0.000252409732149864
14 21 9 2 28 18 ;0.000225848013750715
14 21 9 2 26 ;0.00083195005672035
14 21 9 2 37 ;0.000244755791628037
14 21 9 2 39 ;0.000138964533033091
14 21 9 2 1 ;0.000636197102197915
14 21 9 2 5 ;0.000289483384206868
14 21 9 2 28 18 17 ;0.00489382386306088
14 21 9 33 ;8.12962020131674e-05
14 21 9 2 40 25 ;0.000244724471155313
14 21 9 2 4 ;0.0016639001134407
14 21 9 12 ;0.00017950986373855
14 21 9 2 37 38 ;0.000244755791628037
14 21 9 11 ;0.000636197102197915
14 21 9 24 ;0.000245257897956387
14 21 9 8 ;0.000580709948473758
14 21 9 19 ;0.000808184179894168
14 21 9 32 ;0.000779622845064572
14 21 9 10 ;0.000403791853853085
14 21 9 7 6 ;0.00156602363617948
14 21 9 22 ;0.000978764772612177
14 21 9 34 ;0.00124982046306269
14 21 9 2 35 ;0.000482613249138703
14 21 9 22 23 ;0.000123819616324076
14 21 9 2 35 36 ;0.00015283167233146
15 ;3.38065736336762e-06
15 16 ;7.42191431656841e-06
15 2 ;1.39926872435629e-05
15 3 ;1.56814598419239e-05
15 2 30 ;1.41788623598707e-05
15 2 40 ;2.88577461607934e-06
15 3 31 ;4.63616328895771e-06
15 2 9 ;0.000482506456674581
15 3 7 ;4.82506456674581e-05
15 2 28 ;1.78527388969595e-05
15 2 41 ;1.40963055051337e-05
15 2 29 ;1.24431660085981e-05
15 2 28 18 ;1.11337399864746e-05
15 2 26 ;4.10130488173394e-05
15 2 37 ;1.20658459594786e-05
15 2 39 ;6.85060254654287e-06
15 2 1 ;3.13629196838478e-05
15 2 5 ;1.42708039651901e-05
15 2 28 18 17 ;0.000241253228337291
15 3 33 ;4.00769862913907e-06
15 2 40 25 ;1.20643019388172e-05
15 2 4 ;8.20260976346788e-05
15 3 12 ;8.84938554331732e-06
15 2 37 38 ;1.20658459594786e-05
15 3 11 ;3.13629196838478e-05
15 3 24 ;1.2090598540706e-05
15 3 8 ;2.86275423303139e-05
15 3 19 ;3.9841450764565e-05
15 3 32 ;3.84334486733429e-05
15 3 10 ;1.9905924496724e-05
15 3 7 6 ;7.7201033067933e-05
15 3 22 ;4.82506456674581e-05
15 3 34 ;6.16130106013441e-05
15 2 35 ;2.37916213682929e-05
15 3 22 23 ;6.10399618080746e-06
15 2 35 36 ;7.53421769435942e-06
15 3 21 ;0.000196457256523654
15 3 21 27 ;1.32814968517474e-05
15 3 21 14 ;6.85766644106859e-05
15 3 21 14 13 ;2.92839199886512e-05
15 3 21 14 20 ;2.20103040315417e-05
16 ;1.62941127129224e-05
16 15 ;7.42191431656841e-06
16 15 2 ;3.07196248000748e-05
16 15 3 ;3.44271657242217e-05
16 15 2 30 ;3.11283547045268e-05
16 15 2 40 ;6.33544593118232e-06
16 15 3 31 ;1.01782591341903e-05
16 15 2 9 ;0.00105929740689913
16 15 3 7 ;0.000105929740689913
16 15 2 28 ;3.91940040552678e-05
16 15 2 41 ;3.09471089182064e-05
16 15 2 29 ;2.73177971075589e-05
16 15 2 28 18 ;2.4443075804716e-05
16 15 2 26 ;9.0040279586426e-05
16 15 2 37 ;2.64894265353638e-05
16 15 2 39 ;1.50398516182835e-05
16 15 2 1 ;6.88543314484434e-05
16 15 2 5 ;3.13302038254114e-05
16 15 2 28 18 17 ;0.000529648703449565
16 15 3 33 ;8.79852426170417e-06
16 15 2 40 25 ;2.64860367836617e-05
16 15 2 4 ;0.000180080559172852
16 15 3 12 ;1.94279911263631e-05
16 15 2 37 38 ;2.64894265353638e-05
16 15 3 11 ;6.88543314484434e-05
16 15 3 24 ;2.65437684923377e-05
16 15 3 8 ;6.28490685189916e-05
16 15 3 19 ;8.74681465878639e-05
16 15 3 32 ;8.43770108247916e-05
16 15 3 10 ;4.37015793459753e-05
16 15 3 7 6 ;0.000169487585103861
16 15 3 22 ;0.000105929740689913
16 15 3 34 ;0.000135265552322485
16 15 2 35 ;5.22322602583451e-05
16 15 3 22 23 ;1.34007477757181e-05
16 15 2 35 36 ;1.65406641843782e-05
16 15 3 21 ;0.000431303373298439
16 15 3 21 27 ;2.91582733871758e-05
16 15 3 21 14 ;0.000150553597323205
16 15 3 21 14 13 ;6.42900837464668e-05
16 15 3 21 14 20 ;4.83215460915548e-05
17 ;0.0172165096687545
17 18 ;0.000794535034609155
17 18 28 ;0.00127402171548784
17 18 28 2 ;0.000998557560787764
17 18 28 2 30 ;0.00101184354129914
17 7 ;0.00344330193375091
17 3 ;0.00111907312846905
17 18 28 2 40 ;0.000205937002053774
17 18 28 2 9 ;0.0344330193375091
17 3 31 ;0.000330849666304456
17 18 28 2 15 ;0.000241253228337291
17 18 28 2 15 16 ;0.000529648703449565
17 18 28 2 41 ;0.00100595205169049
17 18 28 2 29 ;0.000887979362487287
17 18 28 2 26 ;0.00292680664368827
17 18 28 2 37 ;0.000861052741365355
17 18 28 2 39 ;0.000488878286902987
17 18 28 2 1 ;0.00223814625693809
17 18 28 2 5 ;0.0010184047531339
17 18 28 2 40 25 ;0.000860942555703475
17 18 28 2 4 ;0.00585361328737655
17 18 28 24 ;0.000862819155257369
17 7 33 ;0.000286000658617351
17 18 28 2 37 38 ;0.000861052741365355
17 7 12 ;0.000631517069508619
17 7 11 ;0.00223814625693809
17 7 8 ;0.00204294202701182
17 7 19 ;0.0028431981077839
17 7 32 ;0.00274271911405512
17 7 6 ;0.00550928309400146
17 7 10 ;0.00142054282102377
17 18 28 24 22 ;0.00344330193375091
17 3 34 ;0.00439687791972712
17 18 28 2 35 ;0.00169783709070163
17 18 28 24 22 23 ;0.000435598354431093
17 18 28 2 35 36 ;0.00053766298870037
17 18 28 2 9 21 ;0.0140197429885073
17 18 28 2 9 21 27 ;0.000947805011935242
17 18 28 2 9 21 14 ;0.00489382386306088
17 18 28 2 9 21 14 13 ;0.0020897829848676
17 18 28 2 9 21 14 20 ;0.00157071726991142
18 ;3.66674740331987e-05
18 17 ;0.000794535034609155
18 28 ;5.87955925610775e-05
18 28 2 ;4.6083032007331e-05
18 28 2 30 ;4.66961746935389e-05
18 28 2 40 ;9.50391026998087e-06
18 28 2 9 ;0.00158907006921831
18 28 3 ;5.16447772495951e-05
18 28 2 15 ;1.11337399864746e-05
18 28 2 15 16 ;2.4443075804716e-05
18 28 2 41 ;4.64242848046956e-05
18 28 2 29 ;4.09798923870433e-05
18 17 7 ;0.000158907006921831
18 28 2 31 ;1.52685797600841e-05
18 28 2 26 ;0.000135070955883556
18 28 2 37 ;3.97372395929146e-05
18 28 2 39 ;2.25615373892581e-05
18 28 2 1 ;0.00010328955449919
18 28 2 5 ;4.69989719952284e-05
18 28 2 4 ;0.000270141911767113
18 28 2 40 25 ;3.97321545686931e-05
18 28 24 ;3.98187588874655e-05
18 28 2 37 38 ;3.97372395929146e-05
18 28 2 9 33 ;1.31988159949273e-05
18 28 2 9 12 ;2.9144260150995e-05
18 28 2 9 11 ;0.00010328955449919
18 28 2 9 8 ;9.42809573697846e-05
18 28 2 9 19 ;0.000131212455394984
18 28 2 9 32 ;0.000126575390025998
18 28 2 9 10 ;6.55574829731187e-05
18 28 24 22 ;0.000158907006921831
18 17 7 6 ;0.00025425121107493
18 28 2 9 34 ;0.000202914157244239
18 28 2 35 ;7.83545026010441e-05
18 28 24 22 23 ;2.01026898176532e-05
18 28 2 35 36 ;2.48129318633266e-05
18 28 2 9 21 ;0.000647005531022417
18 28 2 9 21 27 ;4.37408221788067e-05
18 28 2 9 21 14 ;0.000225848013750715
18 28 2 9 21 14 13 ;9.64426488384457e-05
18 28 2 9 21 14 20 ;7.2487973719504e-05
19 ;0.000469536255352432
19 7 ;0.00056863962155678
19 3 ;0.000184807877005954
19 3 40 ;3.40091984860679e-05
19 3 31 ;5.46377380372832e-05
19 9 ;0.0056863962155678
19 3 2 ;0.000164905490251466
19 3 15 ;3.9841450764565e-05
19 3 15 16 ;8.74681465878639e-05
19 3 2 30 ;0.000167099586231243
19 3 29 ;0.000146644197444792
19 3 26 ;0.000483343678323263
19 3 37 ;0.000142197435604218
19 3 39 ;8.07351691488209e-05
19 3 1 ;0.000369615754011907
19 3 28 ;0.000210396659976009
19 3 5 ;0.00016818312903012
19 7 33 ;4.72312069665062e-05
19 3 2 41 ;0.000166126643838759
19 3 40 25 ;0.000142179239136328
19 3 4 ;0.000966687356646526
19 7 12 ;0.00010429106547181
19 7 17 ;0.0028431981077839
19 3 28 18 ;0.000131212455394984
19 3 37 38 ;0.000142197435604218
19 7 11 ;0.000369615754011907
19 3 24 ;0.000142489147730076
19 7 8 ;0.000337379005226232
19 7 32 ;0.000452942782555784
19 7 6 ;0.000909823394490848
19 7 10 ;0.000234593697472304
19 7 22 ;0.00056863962155678
19 3 34 ;0.000726116688112039
19 3 35 ;0.000280387099155703
19 7 22 23 ;7.1936323964662e-05
19 3 35 36 ;8.87916553070373e-05
19 3 21 ;0.00231527223017115
19 3 21 27 ;0.00015652402654953
19 3 21 14 ;0.000808184179894168
19 3 21 14 13 ;0.000345114494318079
19 3 21 14 20 ;0.00025939406160707
20 ;0.000143301562829282
20 14 ;0.000446479211263406
20 14 21 ;0.00127906601601908
20 14 13 ;0.000190657589015023
20 14 21 27 ;8.64712842148903e-05
20 14 21 9 ;0.00314143453982284
20 14 21 9 2 ;9.11016016548622e-05
20 14 21 3 ;0.000102096622544242
20 14 21 9 2 30 ;9.23137241720529e-05
20 14 21 9 2 40 ;1.87882916957724e-05
20 14 21 3 31 ;3.01844737758877e-05
20 14 21 9 7 ;0.000314143453982283
20 14 21 9 2 28 ;0.000116233077973445
20 14 21 9 2 15 ;2.20103040315417e-05
20 14 21 9 2 15 16 ;4.83215460915548e-05
20 14 21 9 2 41 ;9.17762247222892e-05
20 14 21 9 2 29 ;8.10131987736752e-05
20 14 21 9 2 28 18 ;7.2487973719504e-05
20 14 21 9 2 26 ;0.000267021935884941
20 14 21 9 2 37 ;7.85565969635337e-05
20 14 21 9 2 39 ;4.46019305246776e-05
20 14 21 9 2 1 ;0.000204193245088484
20 14 21 9 2 5 ;9.29123245236161e-05
20 14 21 9 2 28 18 17 ;0.00157071726991142
20 14 21 9 33 ;2.60927552877685e-05
20 14 21 9 2 40 25 ;7.85465443730063e-05
20 14 21 9 2 4 ;0.000534043871769882
20 14 21 9 12 ;5.76153231058937e-05
20 14 21 9 2 37 38 ;7.85565969635337e-05
20 14 21 9 11 ;0.000204193245088484
20 14 21 9 24 ;7.87177525554266e-05
20 14 21 9 8 ;0.000186384138538775
20 14 21 9 19 ;0.00025939406160707
20 14 21 9 32 ;0.000250227041476413
20 14 21 9 10 ;0.000129600667299026
20 14 21 9 7 6 ;0.000502629526371654
20 14 21 9 22 ;0.000314143453982283
20 14 21 9 34 ;0.000401141242626048
20 14 21 9 2 35 ;0.0001548991108634
20 14 21 9 22 23 ;3.97410317894828e-05
20 14 21 9 2 35 36 ;4.90527149806986e-05
21 ;0.0114165529044784
21 27 ;0.000771816292977603
21 14 ;0.00398513718002058
21 14 13 ;0.00170175145330249
21 14 20 ;0.00127906601601908
21 9 ;0.0280394859770146
21 9 2 ;0.000813145093333424
21 3 ;0.000911283294252975
21 9 2 30 ;0.000823964128997655
21 9 2 40 ;0.000167698557731329
21 3 31 ;0.000269417401010145
21 9 7 ;0.00280394859770146
21 9 2 28 ;0.00103746098114954
21 9 2 15 ;0.000196457256523654
21 9 2 15 16 ;0.000431303373298439
21 9 2 41 ;0.000819166572946987
21 9 2 29 ;0.000723099088066839
21 9 2 28 18 ;0.000647005531022417
21 9 2 26 ;0.00238335630804624
21 9 2 37 ;0.000701172210032813
21 9 2 39 ;0.000398103219927355
21 9 2 1 ;0.00182256658850595
21 9 2 5 ;0.000829307053050575
21 9 2 28 18 17 ;0.0140197429885073
21 9 33 ;0.000232895970525083
21 9 2 26 4 ;0.00476671261609248
21 9 2 40 25 ;0.000701082483677687
21 9 12 ;0.000514256790587138
21 9 2 37 38 ;0.000701172210032813
21 9 11 ;0.00182256658850595
21 9 24 ;0.000702610635663434
21 9 8 ;0.00166360793855366
21 9 19 ;0.00231527223017115
21 9 32 ;0.00223345020614163
21 9 10 ;0.00115677600385323
21 9 7 6 ;0.00448631775632234
21 9 22 ;0.00280394859770146
21 9 34 ;0.00358046430852881
21 9 2 35 ;0.00138258219034903
21 9 22 23 ;0.000354716321300821
21 9 2 35 36 ;0.000437829563659589
22 ;0.000688660386750182
22 23 ;8.71196708862185e-05
22 24 ;0.000172563831051474
22 7 ;0.000688660386750182
22 3 ;0.000223814625693809
22 3 40 ;4.11874004107549e-05
22 3 31 ;6.61699332608912e-05
22 9 ;0.00688660386750182
22 3 2 ;0.000199711512157553
22 24 28 ;0.000254804343097567
22 3 15 ;4.82506456674581e-05
22 3 15 16 ;0.000105929740689913
22 3 2 30 ;0.000202368708259828
22 3 29 ;0.000177595872497457
22 24 28 18 ;0.000158907006921831
22 3 26 ;0.000585361328737655
22 3 37 ;0.000172210548273071
22 3 39 ;9.77756573805975e-05
22 3 1 ;0.000447629251387618
22 3 5 ;0.000203680950626781
22 24 28 18 17 ;0.00344330193375091
22 7 33 ;5.72001317234701e-05
22 3 2 41 ;0.000201190410338099
22 3 40 25 ;0.000172188511140695
22 3 4 ;0.00117072265747531
22 7 12 ;0.000126303413901724
22 3 37 38 ;0.000172210548273071
22 7 11 ;0.000447629251387618
22 7 8 ;0.000408588405402364
22 7 19 ;0.00056863962155678
22 7 32 ;0.000548543822811023
22 7 6 ;0.00110185661880029
22 7 10 ;0.000284108564204754
22 3 34 ;0.000879375583945424
22 3 35 ;0.000339567418140327
22 3 35 36 ;0.000107532597740074
22 3 21 ;0.00280394859770146
22 3 21 27 ;0.000189561002387048
22 3 21 14 ;0.000978764772612177
22 3 21 14 13 ;0.00041795659697352
22 3 21 14 20 ;0.000314143453982283
23 ;1.1021161085132e-05
23 22 ;8.71196708862185e-05
23 22 24 ;2.18303600109978e-05
23 22 7 ;8.71196708862185e-05
23 22 3 ;2.8313893038021e-05
23 22 3 40 ;5.21045327636296e-06
23 22 3 31 ;8.37089357710231e-06
23 22 9 ;0.000871196708862185
23 22 3 2 ;2.52647045570034e-05
23 22 24 28 ;3.22342782279009e-05
23 22 3 15 ;6.10399618080746e-06
23 22 3 15 16 ;1.34007477757181e-05
23 22 3 2 30 ;2.56008558071178e-05
23 22 3 29 ;2.24669434461633e-05
23 22 24 28 18 ;2.01026898176532e-05
23 22 3 26 ;7.40517202532857e-05
23 22 3 37 ;2.17856676198331e-05
23 22 3 39 ;1.23692073125899e-05
23 22 3 1 ;5.6627786076042e-05
23 22 3 5 ;2.57668623399915e-05
23 22 24 28 18 17 ;0.000435598354431093
23 22 7 33 ;7.23615986380931e-06
23 22 3 2 41 ;2.54517940502315e-05
23 22 3 40 25 ;2.17828797903648e-05
23 22 3 4 ;0.000148103440506571
23 22 7 12 ;1.59781396790515e-05
23 22 3 37 38 ;2.17856676198331e-05
23 22 7 11 ;5.6627786076042e-05
23 22 7 8 ;5.16888848138314e-05
23 22 7 19 ;7.1936323964662e-05
23 22 7 32 ;6.93940848485313e-05
23 22 7 6 ;0.00013939147341795
23 22 7 10 ;3.59414380232867e-05
23 22 3 34 ;0.0001112462876226
23 22 3 35 ;4.29573157992602e-05
23 22 3 35 36 ;1.36035188097058e-05
23 22 3 21 ;0.000354716321300821
23 22 3 21 27 ;2.3980604167976e-05
23 22 3 21 14 ;0.000123819616324076
23 22 3 21 14 13 ;5.28740172567321e-05
23 22 3 21 14 20 ;3.97410317894828e-05
24 ;4.32408722210473e-05
24 28 ;6.38486174890453e-05
24 3 ;5.6083245091729e-05
24 3 40 ;1.03206976075265e-05
24 3 31 ;1.65807957065809e-05
24 9 ;0.00172563831051474
24 28 18 ;3.98187588874655e-05
24 22 ;0.000172563831051474
24 3 7 ;0.000172563831051474
24 2 ;5.00435110049274e-05
24 3 15 ;1.2090598540706e-05
24 28 18 17 ;0.000862819155257369
24 3 15 16 ;2.65437684923377e-05
24 2 30 ;5.07093485470395e-05
24 3 29 ;4.45017961345404e-05
24 3 26 ;0.000146679256393753
24 3 37 ;4.31523469757179e-05
24 3 39 ;2.45005264507727e-05
24 3 1 ;0.000112166490183458
24 3 5 ;5.10381689271081e-05
24 3 33 ;1.43331518071354e-05
24 2 41 ;5.04140918321105e-05
24 3 40 25 ;4.31468249331242e-05
24 3 4 ;0.000293358512787506
24 3 12 ;3.164898315208e-05
24 3 37 38 ;4.31523469757179e-05
24 3 11 ;0.000112166490183458
24 22 23 ;2.18303600109978e-05
24 3 8 ;0.000102383674037319
24 3 19 ;0.000142489147730076
24 3 32 ;0.000137453562576163
24 3 10 ;7.11916399098632e-05
24 3 7 6 ;0.000276102129682358
24 3 34 ;0.00022035305444946
24 3 35 ;8.50884640701849e-05
24 3 35 36 ;2.694541080911e-05
24 3 21 ;0.000702610635663434
24 3 21 27 ;4.75000064171442e-05
24 3 21 14 ;0.000245257897956387
24 3 21 14 13 ;0.000104731146113028
24 3 21 14 20 ;7.87177525554266e-05
25 ;4.30529821945525e-05
25 4 ;0.000292720468939181
25 4 26 ;0.000146360234469591
25 40 ;1.02982504743027e-05
25 40 2 ;4.99346682308015e-05
25 4 1 ;0.000111922532241452
25 40 3 ;5.59612661207259e-05
25 40 2 30 ;5.05990576010379e-05
25 40 3 31 ;1.65447330929537e-05
25 40 2 9 ;0.00172188511140695
25 40 3 7 ;0.000172188511140695
25 40 2 28 ;6.37097491220571e-05
25 40 2 15 ;1.20643019388172e-05
25 4 1 5 ;5.09271628090165e-05
25 40 2 15 16 ;2.64860367836617e-05
25 40 2 41 ;5.03044430584762e-05
25 40 2 29 ;4.44050063840293e-05
25 40 2 28 18 ;3.97321545686931e-05
25 40 2 37 ;4.3058492226909e-05
25 40 2 39 ;2.44472387175003e-05
25 40 2 28 18 17 ;0.000860942555703475
25 40 3 33 ;1.43019777353461e-05
25 40 3 12 ;3.15801477915036e-05
25 40 2 37 38 ;4.3058492226909e-05
25 40 3 11 ;0.000111922532241452
25 40 3 24 ;4.31468249331242e-05
25 40 3 8 ;0.000102160993356375
25 40 3 19 ;0.000142179239136328
25 40 3 32 ;0.000137154606192731
25 40 3 10 ;7.10368007423716e-05
25 40 3 7 6 ;0.000275501617825112
25 40 3 22 ;0.000172188511140695
25 40 3 34 ;0.00021987379475621
25 40 2 35 ;8.49033998272984e-05
25 40 3 22 23 ;2.17828797903648e-05
25 40 2 35 36 ;2.68868055433417e-05
25 40 3 21 ;0.000701082483677687
25 40 3 21 27 ;4.73966956708433e-05
25 40 3 21 14 ;0.000244724471155313
25 40 3 21 14 13 ;0.000104503359767677
25 40 3 21 14 20 ;7.85465443730063e-05
26 ;0.000497557129427006
26 4 ;0.000995114258854013
26 4 25 ;0.000146360234469591
26 2 ;0.00016975478533392
26 3 ;0.000190242431839738
26 2 30 ;0.000172013402020854
26 4 1 ;0.000380484863679476
26 2 40 ;3.50092903491417e-05
26 3 31 ;5.62444432717575e-05
26 2 9 ;0.00585361328737655
26 3 7 ;0.000585361328737655
26 2 28 ;0.000216583691632932
26 2 15 ;4.10130488173394e-05
26 2 15 16 ;9.0040279586426e-05
26 2 41 ;0.000171011848787384
26 4 1 5 ;0.000173128808032764
26 2 29 ;0.000150956491622839
26 2 28 18 ;0.000135070955883556
26 2 37 ;0.00014637896603211
26 2 39 ;8.31093087735078e-05
26 2 28 18 17 ;0.00292680664368827
26 3 33 ;4.86201119649496e-05
26 3 12 ;0.000107357901816465
26 2 37 38 ;0.00014637896603211
26 3 11 ;0.000380484863679476
26 3 24 ;0.000146679256393753
26 3 8 ;0.000347300144592009
26 3 19 ;0.000483343678323263
26 3 32 ;0.00046626224938937
26 3 10 ;0.000241492279574041
26 3 7 6 ;0.000936578125980247
26 3 22 ;0.000585361328737655
26 3 34 ;0.00074746924635361
26 2 35 ;0.000288632305419278
26 3 22 23 ;7.40517202532857e-05
26 2 35 36 ;9.14027080790629e-05
26 3 21 ;0.00238335630804624
26 3 21 27 ;0.000161126852028991
26 3 21 14 ;0.00083195005672035
26 3 21 14 13 ;0.000355263107427492
26 3 21 14 20 ;0.000267021935884941
27 ;5.21786562975601e-05
27 21 ;0.000771816292977603
27 21 14 ;0.000269415280691614
27 21 14 13 ;0.00011504694186123
27 21 14 20 ;8.64712842148903e-05
27 21 9 ;0.00189561002387048
27 21 9 2 ;5.49726906922441e-05
27 21 3 ;6.16073257757908e-05
27 21 9 2 30 ;5.57041118199545e-05
27 21 9 2 40 ;1.13372644307646e-05
27 21 3 31 ;1.82139689143596e-05
27 21 9 7 ;0.000189561002387048
27 21 9 2 28 ;7.01375708832079e-05
27 21 9 2 15 ;1.32814968517474e-05
27 21 9 2 15 16 ;2.91582733871758e-05
27 21 9 2 41 ;5.53797729448702e-05
27 21 9 2 29 ;4.88851286615864e-05
27 21 9 2 28 18 ;4.37408221788067e-05
27 21 9 2 26 ;0.000161126852028991
27 21 9 2 37 ;4.74027616229197e-05
27 21 9 2 39 ;2.69137763384119e-05
27 21 9 2 1 ;0.000123214651551582
27 21 9 2 5 ;5.6065320310003e-05
27 21 9 2 28 18 17 ;0.000947805011935242
27 21 9 33 ;1.57449368582682e-05
27 21 9 2 40 25 ;4.73966956708433e-05
27 21 9 2 4 ;0.000322253704057982
27 21 9 12 ;3.47663408622954e-05
27 21 9 2 37 38 ;4.74027616229197e-05
27 21 9 11 ;0.000123214651551582
27 21 9 24 ;4.75000064171442e-05
27 21 9 8 ;0.000112468248765257
27 21 9 19 ;0.00015652402654953
27 21 9 32 ;0.000150992446938874
27 21 9 10 ;7.82038654372828e-05
27 21 9 7 6 ;0.000303297603819278
27 21 9 22 ;0.000189561002387048
27 21 9 34 ;0.000242057362924609
27 21 9 2 35 ;9.34694973010154e-05
27 21 9 22 23 ;2.3980604167976e-05
27 21 9 2 35 36 ;2.95994766202316e-05
28 ;9.42776069460999e-05
28 18 ;5.87955925610775e-05
28 2 ;7.38932594982945e-05
28 18 17 ;0.00127402171548784
28 2 30 ;7.48764220561365e-05
28 2 40 ;1.52393381519793e-05
28 2 9 ;0.00254804343097567
28 3 ;8.28114115067094e-05
28 2 15 ;1.78527388969595e-05
28 2 15 16 ;3.91940040552678e-05
28 2 41 ;7.44404518250965e-05
28 2 29 ;6.57104728240592e-05
28 2 31 ;2.44828753065298e-05
28 2 26 ;0.000216583691632932
28 2 37 ;6.37179028610363e-05
28 2 39 ;3.61769932308211e-05
28 2 9 7 ;0.000254804343097567
28 2 1 ;0.000165622823013419
28 2 5 ;7.53619517319089e-05
28 2 40 25 ;6.37097491220571e-05
28 2 4 ;0.000433167383265864
28 24 ;6.38486174890453e-05
28 2 37 38 ;6.37179028610363e-05
28 2 9 33 ;2.11640487376839e-05
28 2 9 12 ;4.67322631436378e-05
28 2 9 11 ;0.000165622823013419
28 2 9 8 ;0.000151177709998875
28 2 9 19 ;0.000210396659976009
28 2 9 32 ;0.000202961214440079
28 2 9 10 ;0.000105120168755759
28 24 22 ;0.000254804343097567
28 2 9 7 6 ;0.000407686948956108
28 2 9 34 ;0.000325368966059807
28 2 35 ;0.000125639944711921
28 24 22 23 ;3.22342782279009e-05
28 2 35 36 ;3.97870611638274e-05
28 2 9 21 ;0.00103746098114954
28 2 9 21 27 ;7.01375708832079e-05
28 2 9 21 14 ;0.000362142965866505
28 2 9 21 14 13 ;0.000154643940880202
28 2 9 21 14 20 ;0.000116233077973445
29 ;4.57994891748793e-05
29 2 ;5.15028030242627e-05
29 3 ;5.77186585616737e-05
29 2 30 ;5.21880566982941e-05
29 2 40 ;1.06216539423279e-05
29 3 31 ;1.70642994089182e-05
29 2 9 ;0.00177595872497457
29 3 7 ;0.000177595872497457
29 2 28 ;6.57104728240592e-05
29 2 15 ;1.24431660085981e-05
29 2 15 16 ;2.73177971075589e-05
29 2 41 ;5.18841901604509e-05
29 2 28 18 ;4.09798923870433e-05
29 2 26 ;0.000150956491622839
29 2 37 ;4.44106894519492e-05
29 2 39 ;2.52149731792528e-05
29 2 1 ;0.000115437317123347
29 2 5 ;5.2526465633338e-05
29 2 28 18 17 ;0.000887979362487287
29 3 33 ;1.47511131696388e-05
29 2 40 25 ;4.44050063840293e-05
29 2 4 ;0.000301912983245678
29 3 12 ;3.25718821974599e-05
29 2 37 38 ;4.44106894519492e-05
29 3 11 ;0.000115437317123347
29 3 24 ;4.45017961345404e-05
29 3 8 ;0.000105369229515594
29 3 19 ;0.000146644197444792
29 3 32 ;0.000141461772289444
29 3 10 ;7.32676211885073e-05
29 3 7 6 ;0.000284153395995932
29 3 22 ;0.000177595872497457
29 3 34 ;0.00022677865184135
29 2 35 ;8.75696831945363e-05
29 3 22 23 ;2.24669434461633e-05
29 2 35 36 ;2.77311515007967e-05
29 3 21 ;0.000723099088066839
29 3 21 27 ;4.88851286615864e-05
29 3 21 14 ;0.000252409732149864
29 3 21 14 13 ;0.000107785154967113
29 3 21 14 20 ;8.10131987736752e-05
30 ;5.94677650561708e-05
30 2 ;5.86869253953502e-05
30 2 40 ;1.21032677036038e-05
30 2 9 ;0.00202368708259828
30 2 28 ;7.48764220561365e-05
30 2 3 ;6.57698301844442e-05
30 2 15 ;1.41788623598707e-05
30 2 15 16 ;3.11283547045268e-05
30 2 41 ;5.91215121963382e-05
30 2 29 ;5.21880566982941e-05
30 2 31 ;1.94445973331456e-05
30 2 28 18 ;4.66961746935389e-05
30 2 26 ;0.000172013402020854
30 2 37 ;5.06055333997022e-05
30 2 39 ;2.87322080143763e-05
30 2 9 7 ;0.000202368708259828
30 2 1 ;0.000131539660368888
30 2 5 ;5.98533786297599e-05
30 2 28 18 17 ;0.00101184354129914
30 2 40 25 ;5.05990576010379e-05
30 2 4 ;0.000344026804041708
30 2 37 38 ;5.06055333997022e-05
30 2 9 33 ;1.68087449080613e-05
30 2 9 12 ;3.71153317540397e-05
30 2 9 11 ;0.000131539660368888
30 2 24 ;5.07093485470395e-05
30 2 9 8 ;0.00012006717592893
30 2 9 19 ;0.000167099586231243
30 2 9 32 ;0.000161194264955513
30 2 9 10 ;8.34877165143628e-05
30 2 9 7 6 ;0.000323789933215725
30 2 9 22 ;0.000202368708259828
30 2 9 34 ;0.000258411990034826
30 2 35 ;9.97847721435892e-05
30 2 9 22 23 ;2.56008558071178e-05
30 2 35 36 ;3.15993678730015e-05
30 2 9 21 ;0.000823964128997655
30 2 9 21 27 ;5.57041118199545e-05
30 2 9 21 14 ;0.000287618347932655
30 2 9 21 14 13 ;0.000122820098651743
30 2 9 21 14 20 ;9.23137241720529e-05
31 ;6.35793803737273e-06
31 3 ;2.15052283097897e-05
31 3 40 ;3.95749136846738e-06
31 3 7 ;6.61699332608912e-05
31 2 ;1.91892806456585e-05
31 3 15 ;4.63616328895771e-06
31 3 15 16 ;1.01782591341903e-05
31 2 30 ;1.94445973331456e-05
31 3 29 ;1.70642994089182e-05
31 3 9 ;0.000661699332608912
31 3 26 ;5.62444432717575e-05
31 3 37 ;1.6546850530818e-05
31 3 39 ;9.39477403941471e-06
31 3 1 ;4.30104566195793e-05
31 3 28 ;2.44828753065298e-05
31 3 5 ;1.95706841409742e-05
31 3 33 ;5.49607465664963e-06
31 2 41 ;1.93313805773362e-05
31 3 40 25 ;1.65447330929537e-05
31 3 4 ;0.000112488886543515
31 3 12 ;1.21358635247471e-05
31 3 17 ;0.000330849666304456
31 3 28 18 ;1.52685797600841e-05
31 3 37 38 ;1.6546850530818e-05
31 3 11 ;4.30104566195793e-05
31 3 24 ;1.65807957065809e-05
31 3 8 ;3.92592169330861e-05
31 3 19 ;5.46377380372832e-05
31 3 32 ;5.27068332147972e-05
31 3 10 ;2.72985713916138e-05
31 3 7 6 ;0.000105871893217426
31 3 22 ;6.61699332608912e-05
31 3 34 ;8.4494802983396e-05
31 3 35 ;3.26273353720133e-05
31 3 22 23 ;8.37089357710231e-06
31 3 35 36 ;1.0332269653855e-05
31 3 21 ;0.000269417401010145
31 3 21 27 ;1.82139689143596e-05
31 3 21 14 ;9.4044613176441e-05
31 3 21 14 13 ;4.01593596202006e-05
31 3 21 14 20 ;3.01844737758877e-05
32 ;0.000436935725262335
32 7 ;0.000548543822811023
32 3 ;0.000178276742413582
32 3 40 ;3.28073089546817e-05
32 3 31 ;5.27068332147972e-05
32 9 ;0.00548543822811023
32 3 2 ;0.000159077708615197
32 3 15 ;3.84334486733429e-05
32 3 15 16 ;8.43770108247916e-05
32 3 2 30 ;0.000161194264955513
32 3 29 ;0.000141461772289444
32 3 26 ;0.00046626224938937
32 3 37 ;0.000137172159595061
32 3 39 ;7.78819776907976e-05
32 3 1 ;0.000356553484827165
32 3 28 ;0.000202961214440079
32 3 5 ;0.000162239515209879
