1 2 1.52763
1 3 1
4 5 0.5
4 6 2.5
7 8 0.373153
9 10 1.85298
11 12 0.261255
13 6 0.99485
14 15 1.90463
16 3 1.15209
17 6 0.200836
18 10 1.16321
19 15 3
19 20 2
21 22 1.57033
21 6 1.5
21 23 0.0710685
21 24 0.802793
21 8 6.31452
21 3 1
21 25 0.226788
21 26 2.35087
21 27 0.197135
21 28 1
21 29 0.37865
21 30 0.280724
21 31 0.204904
21 32 0.111109
21 33 0.286278
21 34 1.08194
21 35 0.378247
21 36 2.01525
21 37 0.419904
3 38 1.99566
3 1 1
3 39 0.281323
3 40 1.86162
3 41 0.225316
3 2 1.52763
3 42 1.5
3 16 1.15209
3 43 1.2199
3 21 1
3 28 1
3 44 1.5
3 45 2.50062
3 46 0.354151
3 47 0.0791793
3 48 2.27328
25 21 0.226788
49 50 1.00604
20 15 1
20 51 2.5
20 19 2
52 53 2.84864
54 28 0.759304
55 15 8.6772
55 56 2.39123
55 44 10.1772
55 57 2.65057
26 21 2.35087
15 58 5.31258
15 44 1.5
15 51 2.5
15 6 2.5
15 42 1.5
15 53 3
15 14 1.90463
15 59 0.268573
15 60 1.53244
15 19 3
15 20 1
15 55 8.6772
56 53 6.28597
56 44 8.78597
56 55 2.39123
44 15 1.5
44 61 1.88626
44 62 1.55715
44 56 8.78597
44 63 3.21408
44 6 1
44 64 1.95811
44 65 0.103668
44 66 2.18488
44 67 2.34575
44 53 2.5
44 68 0.0948404
44 10 14.15768
44 5 3
44 3 1.5
44 12 2.5
44 69 1.9375
44 55 10.1772
57 55 2.65057
66 44 2.18488
70 42 1.63715
71 6 0.679271
72 53 1.83959
73 53 1.85801
74 28 0.0416163
60 15 1.53244
10 44 14.15768
10 5 15.15768
10 12 11.65768
10 18 1.16321
10 9 1.85298
10 6 13.15768
10 8 19.9722
75 8 0.140711
37 21 0.419904
76 63 1
76 6 2.21408
77 53 1.5
77 12 0.5
78 53 0.0317328
51 15 2.5
51 79 12.900435070856
51 80 2.63736
51 20 2.5
6 76 2.21408
6 4 2.5
6 81 1.3158
6 13 0.99485
6 8 6.81452
6 82 0.58753
6 17 0.200836
6 12 2.5
6 83 0.12757
6 21 1.5
6 15 2.5
6 84 2.7891
6 85 3.51419
6 44 1
6 86 0.988412
6 53 3.5
6 87 2.47832
6 88 2.5
6 71 0.679271
6 89 1.06623
6 90 1.0216
6 10 13.15768
6 5 2
6 91 1.22812
6 92 3.86991
68 44 0.0948404
93 50 2.03363
93 94 1.53363
95 8 0.331363
96 28 0.111114
97 42 1.111
84 6 2.7891
85 5 1.51419
85 6 3.51419
29 21 0.37865
98 53 0.268084
99 42 1.83053
86 6 0.988412
100 12 19.177
101 8 0.291355
64 44 1.95811
67 44 2.34575
33 21 0.286278
102 42 0.115154
103 104 6.31258
103 12 3.03928
45 3 2.50062
105 8 0.806554
5 28 1.5
5 85 1.51419
5 4 0.5
5 44 3
5 6 2
5 88 0.5
5 87 1.47832
5 10 15.15768
5 92 1.86991
92 5 1.86991
92 6 3.86991
50 106 1.20499
50 42 3.23559
50 93 2.03363
50 94 0.5
50 49 1.00604
50 107 1.56178
50 108 1.64385
109 58 0.511788
38 3 1.99566
62 44 1.55715
81 6 1.3158
23 21 0.0710685
24 21 0.802793
8 10 19.9722
8 95 0.331363
8 105 0.806554
8 7 0.373153
8 21 6.31452
8 75 0.140711
8 101 0.291355
8 6 6.81452
65 44 0.103668
106 50 1.20499
2 1 1.52763
2 3 1.52763
69 44 1.9375
83 6 0.12757
110 53 100000
108 50 1.64385
58 15 5.31258
58 104 3.03928
58 12 6.31258
58 109 0.511788
32 21 0.111109
53 15 3
53 56 6.28597
53 77 1.5
53 98 0.268084
53 44 2.5
53 78 0.0317328
53 6 3.5
53 42 4.5
53 73 1.85801
53 72 1.83959
53 12 1
53 110 100000
53 52 2.84864
88 5 0.5
88 6 2.5
111 12 0.123628
89 6 1.06623
46 3 0.354151
47 3 0.0791793
48 3 2.27328
79 51 12.900435070856
22 21 1.57033
63 61 1.32782
63 76 1
63 44 3.21408
39 3 0.281323
112 28 2.07707
40 42 2.36162
40 3 1.86162
41 3 0.225316
82 6 0.58753
42 15 1.5
42 97 1.111
42 99 1.83053
42 40 2.36162
42 70 1.63715
42 102 0.115154
42 53 4.5
42 113 1.72156
42 3 1.5
42 50 3.23559
80 51 2.63736
59 15 0.268573
113 42 1.72156
43 3 1.2199
12 58 6.31258
12 77 0.5
12 44 2.5
12 11 0.261255
12 100 19.177
12 6 2.5
12 53 1
12 114 3.14734
12 103 3.03928
12 111 0.123628
12 10 11.65768
27 21 0.197135
61 44 1.88626
61 63 1.32782
28 115 0.239772
28 74 0.0416163
28 5 1.5
28 96 0.111114
28 3 1
28 21 1
28 112 2.07707
28 54 0.759304
30 21 0.280724
31 21 0.204904
114 12 3.14734
87 5 1.47832
87 6 2.47832
34 21 1.08194
115 28 0.239772
90 6 1.0216
35 21 0.378247
104 103 6.31258
104 58 3.03928
36 21 2.01525
91 6 1.22812
94 93 1.53363
94 50 0.5
107 50 1.56178
