1 2 60.3095
3 4 0.536173
5 6 0.383932
5 7 10.5991
5 4 3.34149
5 8 0.960884
5 9 13.0552
5 10 0.410934
5 11 1.93694
12 2 59.7464
13 2 0.285104
14 2 59.8123
15 16 5.61884
17 2 0.303548
18 2 0.178551
19 16 6.915
2 1 60.3095
2 20 0.789418
2 12 59.7464
2 21 0
2 13 0.285104
2 16 3.72002
2 14 59.8123
2 22 1.18919
2 17 0.303548
2 18 0.178551
2 23 3.00806
2 4 2.52522
2 24 1.57467
2 25 2.55137
2 26 1.20103
2 27 0.230797
2 28 1.913
2 29 0.651637
30 31 0.782997
24 2 1.57467
32 4 0.685562
28 2 1.913
33 4 1.27988
34 4 0.824638
35 16 0.359675
6 5 0.383932
20 2 0.789418
21 2 0
16 19 6.915
16 2 3.72002
16 36 2.58286
16 15 5.61884
16 37 0.540208
16 38 0.426922
16 39 3.74195
16 35 0.359675
40 31 1.05109
8 5 0.960884
38 16 0.426922
37 16 0.540208
41 4 1.14235
22 4 2.33603
22 2 1.18919
11 5 1.93694
10 5 0.410934
31 4 2.95228
31 30 0.782997
31 40 1.05109
42 4 2.39388
4 2 2.52522
4 3 0.536173
4 5 3.34149
4 32 0.685562
4 41 1.14235
4 33 1.27988
4 22 2.33603
4 34 0.824638
4 31 2.95228
4 42 2.39388
43 7 2.73986
23 2 3.00806
9 5 13.0552
25 2 2.55137
44 7 0.772758
7 43 2.73986
7 5 10.5991
7 44 0.772758
27 2 0.230797
26 2 1.20103
36 16 2.58286
39 16 3.74195
29 2 0.651637
