1 2 ;0.000947202135735068
1 ;7.0092958044395e-05
1 3 ;6.15681388227794e-05
1 4 ;0.00189440427147014
1 3 26 ;5.4937723872634e-05
1 5 ;0.000189440427147014
1 3 55 ;3.47442268206845e-05
1 3 53 ;0.000123136277645559
1 3 25 ;0.000322048726149923
1 3 51 ;0.000161024363074962
1 4 59 ;0.000123136277645559
1 4 52 ;0.000303104683435222
1 3 54 ;0.000189440427147014
1 4 14 ;0.00077132535901114
1 4 14 17 ;1.83545988256334e-05
1 4 14 48 ;9.47202135735068e-06
1 4 14 39 ;0.000138602288838055
1 4 14 60 ;2.65847434628219e-05
1 4 14 56 ;9.47202135735068e-06
1 4 14 45 ;1.13706880384316e-05
1 4 7 ;5.21454666967005e-05
1 4 14 27 ;5.29518198748518e-05
1 4 14 23 ;6.02245325932392e-05
1 4 14 39 62 ;9.47202135735068e-06
1 4 14 27 30 ;1.67524064130376e-05
1 4 7 6 ;9.47202135735068e-06
1 4 14 33 ;4.28332383396484e-05
1 4 14 16 ;3.23497945417598e-05
1 4 14 23 24 ;2.99995966025739e-05
1 4 10 ;0.000269243912046537
1 4 14 34 ;8.39856664894349e-05
1 4 14 32 ;2.92427820961216e-05
1 4 14 9 ;5.78692197625204e-05
1 4 14 32 49 ;7.4271824426831e-05
1 4 10 44 ;3.31520747507274e-05
1 4 14 17 50 ;5.44641228047664e-05
1 4 14 8 ;4.45836678864868e-05
1 4 10 37 ;3.53127375425526e-05
1 4 14 38 ;2.01965280987838e-05
1 4 14 46 ;3.08777477026139e-05
1 4 14 36 ;3.66015007684338e-05
1 4 20 ;5.43609724921849e-05
1 4 10 11 ;0.000114973763240862
1 4 14 22 ;0.00019101107772849
1 4 10 12 ;5.28460173962902e-05
1 4 20 63 ;5.0526319365875e-05
1 4 10 12 31 ;9.47202135735068e-06
1 4 14 42 ;0.000119016800837033
1 4 14 22 21 ;6.53808168595402e-05
1 4 14 22 58 ;4.3084720506686e-05
1 4 10 41 ;1.68693858768008e-05
1 4 10 15 ;0.000138440696153698
1 4 20 40 ;4.3234189003705e-05
1 4 10 35 ;5.16364402689565e-05
1 4 20 43 ;7.00385886418038e-05
1 4 20 19 ;8.64162818899446e-05
1 4 10 18 ;0.000118925016950081
1 4 20 19 61 ;9.47202135735068e-06
1 4 10 47 ;9.47202135735068e-06
1 4 10 13 ;0.000364183024033613
1 4 14 27 29 ;0.000208384469861715
1 4 10 13 57 ;9.47202135735068e-06
1 4 14 27 28 ;9.47202135735068e-06
2 ;0.0128000288612847
2 1 ;0.000947202135735068
2 3 ;0.000832001875983506
2 4 ;0.0256000577225694
2 3 26 ;0.000742401673954513
2 3 55 ;0.000469516578657898
2 3 53 ;0.00166400375196701
2 1 5 ;0.00256000577225694
2 3 25 ;0.0043520098128368
2 3 51 ;0.0021760049064184
2 4 59 ;0.00166400375196701
2 4 52 ;0.00409600923561111
2 3 54 ;0.00256000577225694
2 4 14 ;0.0104233156623127
2 4 14 17 ;0.000248035119265317
2 4 14 48 ;0.000128000288612847
2 4 14 39 ;0.00187300390321695
2 4 14 60 ;0.000359253290038133
2 4 14 56 ;0.000128000288612847
2 4 14 45 ;0.000153657946465292
2 4 7 ;0.000704668468874332
2 4 14 27 ;0.000715565133443943
2 4 14 23 ;0.000813845035043773
2 4 14 39 62 ;0.000128000288612847
2 4 14 27 30 ;0.000226383870446454
2 4 7 6 ;0.000128000288612847
2 4 14 33 ;0.000578827545130383
2 4 14 16 ;0.000437159385699457
2 4 14 23 24 ;0.000405399954088837
2 4 10 ;0.00363843124387213
2 4 14 34 ;0.00113494143904642
2 4 14 32 ;0.00039517273102867
2 4 14 9 ;0.000782016483277303
2 4 14 32 49 ;0.00100367330306528
2 4 10 44 ;0.000448001010144965
2 4 14 17 50 ;0.000736001659523871
2 4 14 8 ;0.000602481998466037
2 4 10 37 ;0.000477199155980441
2 4 14 38 ;0.000272926055388971
2 4 14 46 ;0.000417266860846134
2 4 14 36 ;0.000494614875249105
2 4 20 ;0.000734607736380877
2 4 10 11 ;0.00155369950325489
2 4 14 22 ;0.00258123078011472
2 4 10 12 ;0.000714135370220138
2 4 20 63 ;0.000682788099538852
2 4 10 12 31 ;0.000128000288612847
2 4 14 42 ;0.0016083351464464
2 4 14 22 21 ;0.000883524552155949
2 4 14 22 58 ;0.000582225952793054
2 4 10 41 ;0.000227964674010822
2 4 10 15 ;0.00187082021829322
2 4 20 40 ;0.000584245797347365
2 4 10 35 ;0.000697789733364277
2 4 20 43 ;0.00094646741407843
2 4 20 19 ;0.00116778759310736
2 4 10 18 ;0.00160709482364974
2 4 20 19 61 ;0.000128000288612847
2 4 10 47 ;0.000128000288612847
2 4 10 13 ;0.00492139221667044
2 4 14 27 29 ;0.00281600634948263
2 4 10 13 57 ;0.000128000288612847
2 4 14 27 28 ;0.000128000288612847
3 26 ;4.82561088070433e-05
3 ;5.40801219389279e-05
3 2 ;0.000832001875983506
3 1 ;6.15681388227794e-05
3 55 ;3.05185776127634e-05
3 53 ;0.000108160243877856
3 25 ;0.000282880637834392
3 51 ;0.000141440318917196
3 5 ;0.000166400375196701
3 4 ;0.00166400375196701
3 54 ;0.000166400375196701
3 52 ;0.000266240600314722
3 4 59 ;0.000108160243877856
3 14 ;0.000677515518050326
3 14 17 ;1.61222827522456e-05
3 14 48 ;8.32001875983506e-06
3 14 39 ;0.000121745253709102
3 14 60 ;2.33514638524787e-05
3 14 56 ;8.32001875983506e-06
3 14 45 ;9.987766520244e-06
3 7 ;4.58034504768316e-05
3 14 27 ;4.65117336738563e-05
3 14 23 ;5.28999272778453e-05
3 14 39 62 ;8.32001875983506e-06
3 14 27 30 ;1.47149515790195e-05
3 7 6 ;8.32001875983506e-06
3 14 33 ;3.76237904334749e-05
3 14 16 ;2.84153600704647e-05
3 14 23 24 ;2.63509970157744e-05
3 14 34 ;7.37711935380171e-05
3 14 32 ;2.56862275168636e-05
3 4 10 ;0.000236498030851688
3 14 9 ;5.08310714130247e-05
3 14 32 49 ;6.52387646992435e-05
3 14 17 50 ;4.78401078690516e-05
3 14 8 ;3.91613299002924e-05
3 14 44 ;2.91200656594227e-05
3 14 38 ;1.77401936002831e-05
3 4 10 37 ;3.10179451387287e-05
3 14 46 ;2.71223459549987e-05
3 14 36 ;3.21499668911918e-05
3 4 20 ;4.7749502864757e-05
3 14 11 ;0.000100990467711568
3 14 22 ;0.000167780000707457
3 14 42 ;0.000104541784519016
3 4 10 12 ;4.6418799064309e-05
3 4 20 63 ;4.43812264700254e-05
3 14 22 21 ;5.74290958901367e-05
3 4 10 12 31 ;8.32001875983506e-06
3 14 22 58 ;3.78446869315485e-05
3 14 41 ;1.48177038107034e-05
3 4 10 15 ;0.000121603314189059
3 4 20 40 ;3.79759768275787e-05
3 14 35 ;4.5356332668678e-05
3 4 20 43 ;6.1520381915098e-05
3 4 20 19 ;7.59061935519784e-05
3 4 10 18 ;0.000104461163537233
3 4 20 19 61 ;8.32001875983506e-06
3 4 10 47 ;8.32001875983506e-06
3 14 13 ;0.000319890494083579
3 14 27 29 ;0.000183040412716371
3 14 13 57 ;8.32001875983506e-06
3 14 27 28 ;8.32001875983506e-06
4 ;0.0512001154451388
4 2 ;0.0256000577225694
4 1 ;0.00189440427147014
4 5 ;0.00512001154451388
4 26 ;0.00148480334790903
4 55 ;0.000939033157315796
4 3 ;0.00166400375196701
4 51 ;0.0043520098128368
4 25 ;0.0087040196256736
4 59 ;0.00332800750393402
4 53 ;0.00332800750393402
4 52 ;0.00819201847122221
4 3 54 ;0.00512001154451388
4 14 ;0.0208466313246254
4 14 17 ;0.000496070238530633
4 14 48 ;0.000256000577225694
4 14 39 ;0.00374600780643391
4 14 60 ;0.000718506580076267
4 14 56 ;0.000256000577225694
4 14 45 ;0.000307315892930584
4 7 ;0.00140933693774866
4 14 27 ;0.00143113026688789
4 14 23 ;0.00162769007008755
4 14 39 62 ;0.000256000577225694
4 14 27 30 ;0.000452767740892907
4 7 6 ;0.000256000577225694
4 14 33 ;0.00115765509026077
4 14 16 ;0.000874318771398913
4 14 23 24 ;0.000810799908177674
4 10 ;0.00727686248774425
4 14 34 ;0.00226988287809283
4 14 32 ;0.000790345462057341
4 14 9 ;0.00156403296655461
4 14 32 49 ;0.00200734660613057
4 10 44 ;0.000896002020289929
4 14 17 50 ;0.00147200331904774
4 14 8 ;0.00120496399693207
4 10 37 ;0.000954398311960882
4 14 38 ;0.000545852110777942
4 14 46 ;0.000834533721692268
4 14 36 ;0.00098922975049821
4 20 ;0.00146921547276175
4 10 11 ;0.00310739900650978
4 14 22 ;0.00516246156022945
4 10 12 ;0.00142827074044028
4 20 63 ;0.0013655761990777
4 10 12 31 ;0.000256000577225694
4 14 42 ;0.0032166702928928
4 14 22 21 ;0.0017670491043119
4 14 22 58 ;0.00116445190558611
4 10 41 ;0.000455929348021644
4 10 15 ;0.00374164043658644
4 20 40 ;0.00116849159469473
4 10 35 ;0.00139557946672855
4 20 43 ;0.00189293482815686
4 20 19 ;0.00233557518621472
4 10 18 ;0.00321418964729948
4 20 19 61 ;0.000256000577225694
4 10 47 ;0.000256000577225694
4 10 13 ;0.00984278443334088
4 14 27 29 ;0.00563201269896527
4 10 13 57 ;0.000256000577225694
4 14 27 28 ;0.000256000577225694
5 ;0.000512001154451388
5 4 ;0.00512001154451388
5 1 ;0.000189440427147014
5 3 ;0.000166400375196701
5 3 26 ;0.000148480334790903
5 4 2 ;0.00256000577225694
5 3 55 ;9.39033157315796e-05
5 3 53 ;0.000332800750393402
5 3 25 ;0.00087040196256736
5 4 51 ;0.00043520098128368
5 4 59 ;0.000332800750393402
5 4 52 ;0.000819201847122221
5 3 54 ;0.000512001154451388
5 14 ;0.00208466313246254
5 7 ;0.000140933693774866
5 14 17 ;4.96070238530633e-05
5 14 48 ;2.56000577225694e-05
5 14 39 ;0.000374600780643391
5 14 60 ;7.18506580076267e-05
5 14 56 ;2.56000577225694e-05
5 14 45 ;3.07315892930585e-05
5 14 27 ;0.000143113026688789
5 14 23 ;0.000162769007008755
5 7 6 ;2.56000577225694e-05
5 14 39 62 ;2.56000577225694e-05
5 14 27 30 ;4.52767740892907e-05
5 7 16 ;8.74318771398913e-05
5 14 33 ;0.000115765509026077
5 14 23 24 ;8.10799908177674e-05
5 4 10 ;0.000727686248774425
5 7 9 ;0.000156403296655461
5 14 34 ;0.000226988287809283
5 14 32 ;7.90345462057341e-05
5 14 32 49 ;0.000200734660613057
5 7 8 ;0.000120496399693208
5 7 44 ;8.96002020289929e-05
5 14 17 50 ;0.000147200331904774
5 4 10 37 ;9.54398311960882e-05
5 7 46 ;8.34533721692268e-05
5 14 38 ;5.45852110777942e-05
5 14 36 ;9.8922975049821e-05
5 4 20 ;0.000146921547276175
5 7 11 ;0.000310739900650978
5 7 22 ;0.000516246156022945
5 4 10 12 ;0.000142827074044028
5 4 20 63 ;0.00013655761990777
5 7 22 21 ;0.00017670491043119
5 4 10 12 31 ;2.56000577225694e-05
5 14 42 ;0.00032166702928928
5 7 22 58 ;0.000116445190558611
5 4 10 41 ;4.55929348021644e-05
5 4 10 15 ;0.000374164043658644
5 4 20 40 ;0.000116849159469473
5 4 10 35 ;0.000139557946672855
5 4 20 43 ;0.000189293482815686
5 4 20 19 ;0.000233557518621472
5 4 10 18 ;0.000321418964729948
5 4 20 19 61 ;2.56000577225694e-05
5 4 10 47 ;2.56000577225694e-05
5 4 10 13 ;0.000984278443334088
5 14 27 29 ;0.000563201269896527
5 4 10 13 57 ;2.56000577225694e-05
5 14 27 28 ;2.56000577225694e-05
6 7 ;7.04668468874332e-06
6 ;1.28000288612847e-06
6 7 23 ;8.13845035043773e-06
6 7 17 ;2.48035119265317e-06
6 7 16 ;4.37159385699457e-06
6 7 14 ;0.000104233156623127
6 7 48 ;1.28000288612847e-06
6 7 39 ;1.87300390321695e-05
6 7 45 ;1.53657946465292e-06
6 7 33 ;5.78827545130383e-06
6 7 23 24 ;4.05399954088837e-06
6 7 9 ;7.82016483277303e-06
6 7 14 60 ;3.59253290038133e-06
6 7 14 56 ;1.28000288612847e-06
6 7 39 62 ;1.28000288612847e-06
6 7 32 ;3.9517273102867e-06
6 7 27 ;7.15565133443943e-06
6 7 34 ;1.13494143904642e-05
6 7 27 30 ;2.26383870446454e-06
6 7 32 49 ;1.00367330306528e-05
6 7 10 ;3.63843124387213e-05
6 7 8 ;6.02481998466037e-06
6 7 44 ;4.48001010144965e-06
6 7 16 50 ;7.3600165952387e-06
6 7 46 ;4.17266860846134e-06
6 7 38 ;2.72926055388971e-06
6 7 36 ;4.94614875249105e-06
6 7 10 37 ;4.77199155980441e-06
6 7 11 ;1.55369950325489e-05
6 7 22 ;2.58123078011472e-05
6 7 22 21 ;8.83524552155949e-06
6 7 42 ;1.6083351464464e-05
6 7 12 ;7.14135370220138e-06
6 7 12 31 ;1.28000288612847e-06
6 7 22 58 ;5.82225952793054e-06
6 7 41 ;2.27964674010822e-06
6 7 15 ;1.87082021829322e-05
6 7 35 ;6.97789733364277e-06
6 7 18 ;1.60709482364974e-05
6 7 20 ;7.34607736380877e-06
6 7 13 ;4.92139221667044e-05
6 7 47 ;1.28000288612847e-06
6 7 40 ;5.84245797347365e-06
6 7 43 ;9.4646741407843e-06
6 7 19 ;1.16778759310736e-05
6 7 20 63 ;6.82788099538852e-06
6 7 19 61 ;1.28000288612847e-06
6 7 27 29 ;2.81600634948264e-05
6 7 4 ;0.000256000577225694
6 7 52 ;4.09600923561111e-05
6 7 5 ;2.56000577225694e-05
6 7 4 2 ;0.000128000288612847
6 7 4 1 ;9.47202135735068e-06
6 7 4 26 ;7.42401673954513e-06
6 7 3 ;8.32001875983506e-06
6 7 14 55 ;4.69516578657898e-06
6 7 59 ;1.66400375196701e-05
6 7 4 51 ;2.1760049064184e-05
6 7 4 25 ;4.3520098128368e-05
6 7 4 53 ;1.66400375196701e-05
6 7 13 57 ;1.28000288612847e-06
6 7 3 54 ;2.56000577225694e-05
6 7 27 28 ;1.28000288612847e-06
7 ;3.87934790153166e-05
7 23 ;4.48038782537333e-05
7 6 ;7.04668468874332e-06
7 17 ;1.36548541893061e-05
7 16 ;2.4066542217465e-05
7 14 ;0.000573825416173205
7 48 ;7.04668468874332e-06
7 39 ;0.00010311279818029
7 45 ;8.45919263460191e-06
7 33 ;3.18656718972724e-05
7 23 24 ;2.23181188124941e-05
7 9 ;4.30516496390304e-05
7 14 60 ;1.97776480485083e-05
7 14 56 ;7.04668468874332e-06
7 39 62 ;7.04668468874332e-06
7 32 ;2.17550887058635e-05
7 27 ;3.93933632828693e-05
7 34 ;6.24809095965273e-05
7 27 30 ;1.24629074742052e-05
7 32 49 ;5.52543230476803e-05
7 10 ;0.000200303280680773
7 8 ;3.31678992277521e-05
7 44 ;2.46633964106016e-05
7 16 50 ;4.05184369602741e-05
7 46 ;2.29714169499875e-05
7 38 ;1.50251524938792e-05
7 36 ;2.72295875737013e-05
7 10 37 ;2.62708156549508e-05
7 11 ;8.55344204231386e-05
7 22 ;0.000142102175029954
7 22 21 ;4.86398819977445e-05
7 42 ;8.85422273156818e-05
7 12 ;3.93146518148961e-05
7 12 31 ;7.04668468874332e-06
7 22 58 ;3.20527613757585e-05
7 41 ;1.25499340301112e-05
7 15 ;0.0001029925817395
7 35 ;3.84147901801435e-05
7 18 ;8.84739449410478e-05
7 20 ;4.04416985640137e-05
7 13 ;0.000270932976451363
7 47 ;7.04668468874332e-06
7 40 ;3.21639580601469e-05
7 43 ;5.21050187265872e-05
7 19 ;6.42891593545057e-05
7 20 63 ;3.75889187346228e-05
7 19 61 ;7.04668468874332e-06
7 27 29 ;0.000155027063152353
7 4 ;0.00140933693774866
7 52 ;0.000225493910039786
7 5 ;0.000140933693774866
7 4 2 ;0.000704668468874332
7 4 1 ;5.21454666967005e-05
7 4 26 ;4.08707711947112e-05
7 3 ;4.58034504768316e-05
7 14 55 ;2.58478736399325e-05
7 59 ;9.16069009536631e-05
7 4 51 ;0.000119793639708636
7 4 25 ;0.000239587279417273
7 4 53 ;9.16069009536631e-05
7 13 57 ;7.04668468874332e-06
7 3 54 ;0.000140933693774866
7 27 28 ;7.04668468874332e-06
8 ;2.83581046893982e-05
8 9 ;3.68085774480827e-05
8 16 ;2.05765676936106e-05
8 7 ;3.31678992277521e-05
8 10 ;0.000171256592531568
8 17 ;1.16747154216753e-05
8 11 ;7.31307711788038e-05
8 7 23 ;3.83067091854684e-05
8 7 6 ;6.02481998466037e-06
8 16 32 ;1.86003062422423e-05
8 14 ;0.000490612960246264
8 7 48 ;6.02481998466037e-06
8 16 50 ;3.46427149117972e-05
8 7 39 ;8.81600461197382e-05
8 10 34 ;5.3420331606188e-05
8 16 45 ;7.23249515058555e-06
8 7 33 ;2.7244717956233e-05
8 10 44 ;2.10868699463113e-05
8 16 27 ;3.36807921530463e-05
8 16 32 49 ;4.72416979673192e-05
8 7 23 24 ;1.90816893590166e-05
8 11 22 ;0.000121495435343064
8 16 46 ;1.96402504197945e-05
8 14 60 ;1.69096212581469e-05
8 14 56 ;6.02481998466037e-06
8 10 37 ;2.24611916330122e-05
8 7 39 62 ;6.02481998466037e-06
8 16 27 30 ;1.065561712127e-05
8 11 42 ;7.57024053410562e-05
8 16 36 ;2.32809286401251e-05
8 11 22 21 ;4.15864404405179e-05
8 12 ;3.36134949138176e-05
8 12 31 ;6.02481998466037e-06
8 11 22 58 ;2.74046769268257e-05
8 7 38 ;1.28463019158924e-05
8 15 ;8.80572626907999e-05
8 12 41 ;1.07300236480806e-05
8 11 35 ;3.28441254017765e-05
8 18 ;7.56440248354049e-05
8 13 ;0.000231644025968018
8 11 47 ;6.02481998466037e-06
8 19 ;5.49663606624517e-05
8 11 40 ;2.74997485861837e-05
8 19 61 ;6.02481998466037e-06
8 20 ;3.45771046221642e-05
8 11 43 ;4.45490854197748e-05
8 20 63 ;3.21380164995743e-05
8 16 27 29 ;0.000132546039662528
8 7 4 ;0.00120496399693207
8 7 52 ;0.000192794239509132
8 7 5 ;0.000120496399693208
8 7 4 2 ;0.000602481998466037
8 7 4 1 ;4.45836678864868e-05
8 13 57 ;6.02481998466037e-06
8 7 4 26 ;3.49439559110302e-05
8 7 3 ;3.91613299002924e-05
8 14 55 ;2.20995819375329e-05
8 7 59 ;7.83226598005849e-05
8 7 4 51 ;0.000102421939739226
8 7 4 25 ;0.000204843879478453
8 7 4 53 ;7.83226598005849e-05
8 7 3 54 ;0.000120496399693208
8 16 27 28 ;6.02481998466037e-06
9 ;4.77772188441785e-05
9 8 ;3.68085774480827e-05
9 7 ;4.30516496390304e-05
9 7 23 ;4.97217810314958e-05
9 7 6 ;7.82016483277303e-06
9 7 17 ;1.51536808080026e-05
9 8 16 ;2.67082089533697e-05
9 14 ;0.000636811428057428
9 7 48 ;7.82016483277303e-06
9 7 39 ;0.00011443098616665
9 7 45 ;9.38771687350238e-06
9 7 33 ;3.53634109869863e-05
9 7 23 24 ;2.47678696550621e-05
9 14 60 ;2.19485438295507e-05
9 14 56 ;7.82016483277303e-06
9 7 39 62 ;7.82016483277303e-06
9 7 32 ;2.41430384849235e-05
9 7 27 ;4.37173802712444e-05
9 8 10 ;0.000222289593001243
9 7 34 ;6.93391337243969e-05
9 7 27 30 ;1.3830899926539e-05
9 7 32 49 ;6.13193200834432e-05
9 11 ;9.49231157814072e-05
9 7 44 ;2.73705769147056e-05
9 8 16 50 ;4.49659477884449e-05
9 11 22 ;0.000157700036388031
9 7 46 ;2.54928771367085e-05
9 7 38 ;1.66743900613836e-05
9 8 10 37 ;2.91544347147095e-05
9 11 42 ;9.82610749386281e-05
9 7 36 ;3.02184463418566e-05
9 11 22 21 ;5.39788441615125e-05
9 8 12 ;4.36300290300623e-05
9 8 12 31 ;7.82016483277303e-06
9 11 22 58 ;3.55710363632964e-05
9 8 15 ;0.000114297574154602
9 8 12 41 ;1.39274789622238e-05
9 11 35 ;4.26313939809172e-05
9 8 18 ;9.81852975413985e-05
9 13 ;0.000300671965338259
9 11 47 ;7.82016483277303e-06
9 20 ;4.4880786193416e-05
9 19 ;7.13458662221348e-05
9 11 40 ;3.56944385643575e-05
9 19 61 ;7.82016483277303e-06
9 11 43 ;5.78243320163803e-05
9 20 63 ;4.17148706625162e-05
9 7 27 29 ;0.000172043626321007
9 7 4 ;0.00156403296655461
9 7 52 ;0.000250245274648737
9 7 5 ;0.000156403296655461
9 7 4 2 ;0.000782016483277303
9 7 4 1 ;5.78692197625204e-05
9 7 4 26 ;4.53569560300836e-05
9 7 3 ;5.08310714130247e-05
9 14 55 ;2.86850684214464e-05
9 7 59 ;0.000101662142826049
9 7 4 51 ;0.000132942802157141
9 7 4 25 ;0.000265885604314283
9 7 4 53 ;0.000101662142826049
9 13 57 ;7.82016483277303e-06
9 7 3 54 ;0.000156403296655461
9 7 27 28 ;7.82016483277303e-06
10 ;0.00103423063024689
10 34 ;0.000322609146943534
10 33 ;0.000164532771592893
10 32 ;0.000112328560105815
10 44 ;0.000127345093535524
10 37 ;0.000135644719045921
10 32 49 ;0.000285295943008253
10 7 ;0.000200303280680773
10 23 ;0.000231336916132256
10 8 ;0.000171256592531568
10 17 ;7.05044291143809e-05
10 16 ;0.000124263342271965
10 14 ;0.00296284623898058
10 48 ;3.63843124387213e-05
10 7 6 ;3.63843124387213e-05
10 39 ;0.000532404730896445
10 45 ;4.3677547867063e-05
10 27 ;0.000203400677198681
10 23 24 ;0.000115235666669669
10 11 ;0.000441641880459309
10 8 9 ;0.000222289593001243
10 14 60 ;0.000102118394349261
10 14 56 ;3.63843124387213e-05
10 39 62 ;3.63843124387213e-05
10 27 30 ;6.43500226653712e-05
10 22 ;0.000733719495463014
10 12 ;0.000202994264428741
10 38 ;7.75797225112147e-05
10 12 31 ;3.63843124387213e-05
10 42 ;0.000457172160380652
10 46 ;0.000118608856275863
10 22 21 ;0.000251143444294522
10 16 50 ;0.000209209796522647
10 36 ;0.000140595168596334
10 22 58 ;0.000165498775088141
10 41 ;6.47993689239894e-05
10 15 ;0.00053178401452624
10 35 ;0.000198347987730316
10 18 ;0.000456819596393121
10 20 ;0.00020881357136019
10 47 ;3.63843124387213e-05
10 40 ;0.000166072919538424
10 13 ;0.00139891459609456
10 43 ;0.000269035066093139
10 19 ;0.000331945725358435
10 20 63 ;0.000194083746312498
10 19 61 ;3.63843124387213e-05
10 4 ;0.00727686248774425
10 27 29 ;0.000800454873651868
10 4 2 ;0.00363843124387213
10 4 1 ;0.000269243912046537
10 4 5 ;0.000727686248774425
10 4 26 ;0.000211029012144583
10 14 52 ;0.00116429799803908
10 4 55 ;0.000133460932613349
10 13 57 ;3.63843124387213e-05
10 4 3 ;0.000236498030851688
10 4 51 ;0.000618533311458262
10 4 25 ;0.00123706662291652
10 4 59 ;0.000472996061703377
10 4 53 ;0.000472996061703377
10 4 3 54 ;0.000727686248774425
10 27 28 ;3.63843124387213e-05
11 ;0.000188591929953837
11 22 ;0.000313316245167275
11 42 ;0.00019522374091353
11 22 21 ;0.000107244418952069
11 44 ;5.43794826139212e-05
11 50 ;8.93377214371562e-05
11 22 58 ;7.06720417149029e-05
11 12 ;8.66835365757459e-05
11 8 ;7.31307711788038e-05
11 32 ;4.79670540240876e-05
11 10 ;0.000441641880459309
11 12 31 ;1.55369950325489e-05
11 32 49 ;0.000121828374709322
11 46 ;5.06488947366559e-05
11 9 ;9.49231157814072e-05
11 15 ;0.000227084835146977
11 38 ;3.31284469182518e-05
11 33 ;7.02595344967888e-05
11 16 ;5.30634991346643e-05
11 35 ;8.46994623100894e-05
11 36 ;6.00375900949245e-05
11 41 ;2.76709220431186e-05
11 34 ;0.000137762029225052
11 7 ;8.55344204231386e-05
11 18 ;0.000195073187431665
11 23 ;9.87865449662008e-05
11 47 ;1.55369950325489e-05
11 10 37 ;5.79236265507959e-05
11 17 ;3.01071228642223e-05
11 13 ;0.00059737089074
11 7 6 ;1.55369950325489e-05
11 39 ;0.000227349896282232
11 40 ;7.09172154965166e-05
11 14 ;0.00126520811338067
11 23 24 ;4.92084599271882e-05
11 48 ;1.55369950325489e-05
11 45 ;1.86513856868233e-05
11 43 ;0.000114884580889375
11 19 ;0.000141748977520354
11 39 62 ;1.55369950325489e-05
11 27 ;8.68570848102595e-05
11 19 61 ;1.55369950325489e-05
11 14 60 ;4.36070624780537e-05
11 14 56 ;1.55369950325489e-05
11 27 30 ;2.74790401544666e-05
11 20 ;8.91685235612518e-05
11 20 63 ;8.28785264922747e-05
11 13 57 ;1.55369950325489e-05
11 27 29 ;0.000341813890716076
11 10 4 ;0.00310739900650978
11 10 4 2 ;0.00155369950325489
11 10 4 1 ;0.000114973763240862
11 7 52 ;0.000497183841041565
11 7 5 ;0.000310739900650978
11 10 4 26 ;9.01145711887837e-05
11 10 4 55 ;5.69910961089423e-05
11 7 3 ;0.000100990467711568
11 10 4 51 ;0.000264128915553331
11 10 4 25 ;0.000528257831106663
11 7 59 ;0.000201980935423136
11 10 4 53 ;0.000201980935423136
11 7 3 54 ;0.000310739900650978
11 27 28 ;1.55369950325489e-05
12 31 ;7.14135370220138e-06
12 ;3.98428263347109e-05
12 41 ;1.27185367030096e-05
12 35 ;3.89308754669397e-05
12 15 ;0.00010437624037295
12 11 ;8.66835365757459e-05
12 18 ;8.96625522726192e-05
12 13 ;0.000274572838134812
12 47 ;7.14135370220138e-06
12 10 ;0.000202994264428741
12 22 ;0.000144011253314927
12 43 ;5.28050260260396e-05
12 19 ;6.51528550583679e-05
12 19 40 ;3.2596066251865e-05
12 19 61 ;7.14135370220138e-06
12 20 ;4.0985014445841e-05
12 11 42 ;8.97317519899935e-05
12 22 21 ;4.92933367565191e-05
12 8 ;3.36134949138176e-05
12 10 34 ;6.3320312284846e-05
12 10 33 ;3.22937727496508e-05
12 10 32 ;2.20473584577323e-05
12 20 63 ;3.80939088130417e-05
12 11 44 ;2.49947379577048e-05
12 11 50 ;4.10627837876579e-05
12 22 58 ;3.24833756904443e-05
12 10 37 ;2.6623752150714e-05
12 7 ;3.93146518148961e-05
12 10 32 49 ;5.59966398226274e-05
12 8 9 ;4.36300290300623e-05
12 17 ;1.38383009635148e-05
12 8 16 ;2.43898652991284e-05
12 10 23 ;4.54057980416517e-05
12 7 6 ;7.14135370220138e-06
12 39 ;0.000104498071867109
12 38 ;1.52270086044448e-05
12 14 ;0.000581534500437052
12 10 48 ;7.14135370220138e-06
12 11 46 ;2.32800275202693e-05
12 36 ;2.75954047354355e-05
12 10 45 ;8.57283805180764e-06
12 39 62 ;7.14135370220138e-06
12 27 ;3.99225952555645e-05
12 10 23 24 ;2.26179526185382e-05
12 14 60 ;2.00433517818205e-05
12 14 56 ;7.14135370220138e-06
12 27 30 ;1.26303409847874e-05
12 13 57 ;7.14135370220138e-06
12 10 4 ;0.00142827074044028
12 27 29 ;0.00015710978144843
12 10 4 2 ;0.000714135370220138
12 10 4 1 ;5.28460173962902e-05
12 10 4 5 ;0.000142827074044028
12 10 4 26 ;4.1419851472768e-05
12 7 52 ;0.000228523318470444
12 10 4 55 ;2.61951281015079e-05
12 10 4 3 ;4.6418799064309e-05
12 10 4 51 ;0.000121403012937423
12 10 4 25 ;0.000242806025874847
12 10 4 59 ;9.28375981286179e-05
12 10 4 53 ;9.28375981286179e-05
12 10 4 3 54 ;0.000142827074044028
12 27 28 ;7.14135370220138e-06
13 18 ;0.000617900478371841
13 ;0.00189219115150288
13 47 ;4.92139221667044e-05
13 35 ;0.000268288220274124
13 40 ;0.000224632518476927
13 15 ;0.00071929838290801
13 19 ;0.000448994360381938
13 19 61 ;4.92139221667044e-05
13 19 43 ;0.000363900536120376
13 41 ;8.76485189612356e-05
13 12 ;0.000274572838134812
13 20 ;0.000282444112846155
13 12 31 ;4.92139221667044e-05
13 20 63 ;0.000262520348596186
13 42 ;0.000618377361277636
13 11 ;0.00059737089074
13 22 ;0.000992439095907771
13 44 ;0.000172248727583465
13 22 21 ;0.000339700082034121
13 10 ;0.00139891459609456
13 50 ;0.00028298005245855
13 22 58 ;0.000223855922785137
13 32 ;0.000151937157626823
13 8 ;0.000231644025968018
13 34 ;0.00043636557581474
13 33 ;0.000222549293151611
13 32 49 ;0.000385895222215119
13 46 ;0.000160431972732018
13 9 ;0.000300671965338259
13 38 ;0.000104935401261512
13 10 37 ;0.000183474915368912
13 7 ;0.000270932976451363
13 16 ;0.000168080308375946
13 23 ;0.000312909499224232
13 36 ;0.000190170961618914
13 17 ;9.53652619569748e-05
13 14 ;0.00400758663346141
13 48 ;4.92139221667044e-05
13 7 6 ;4.92139221667044e-05
13 39 ;0.000720137972420174
13 45 ;5.90788528650203e-05
13 27 ;0.000275122557645414
13 57 ;4.92139221667044e-05
13 23 24 ;0.000155869350007943
13 14 60 ;0.000138126746788403
13 14 56 ;4.92139221667044e-05
13 39 62 ;4.92139221667044e-05
13 27 30 ;8.70407270224767e-05
13 27 29 ;0.0010827062876675
13 20 4 ;0.00984278443334088
13 20 4 2 ;0.00492139221667044
13 20 4 1 ;0.000364183024033613
13 14 52 ;0.00157484550933454
13 20 4 5 ;0.000984278443334088
13 20 4 26 ;0.000285440748566886
13 20 4 55 ;0.000180521095760467
13 14 3 ;0.000319890494083579
13 20 4 51 ;0.000836636676833975
13 20 4 25 ;0.00167327335366795
13 20 4 59 ;0.000639780988167157
13 20 4 53 ;0.000639780988167157
13 14 3 54 ;0.000984278443334088
13 27 28 ;4.92139221667044e-05
14 17 ;0.000201979883909597
14 ;0.00848791128313978
14 48 ;0.000104233156623127
14 39 ;0.00152522397656646
14 60 ;0.000292547031367866
14 56 ;0.000104233156623127
14 45 ;0.000125126692868233
14 7 ;0.000573825416173205
14 27 ;0.000582698784796532
14 23 ;0.000662730044783335
14 39 62 ;0.000104233156623127
14 27 30 ;0.000184348845466795
14 7 6 ;0.000104233156623127
14 33 ;0.00047135067290231
14 16 ;0.000355987499814966
14 23 24 ;0.000330125168993635
14 34 ;0.000924205172161847
14 32 ;0.000321796939779448
14 9 ;0.000636811428057428
14 32 49 ;0.000817310943050131
14 10 ;0.00296284623898058
14 17 50 ;0.00059934065058298
14 8 ;0.000490612960246264
14 44 ;0.000364816048180945
14 38 ;0.00022224906354653
14 46 ;0.000339788624944166
14 36 ;0.000402774636828389
14 10 37 ;0.000388592673538246
14 11 ;0.00126520811338067
14 22 ;0.00210194707449379
14 42 ;0.00130969899395369
14 22 21 ;0.000719471448254267
14 12 ;0.000581534500437052
14 12 31 ;0.000104233156623127
14 22 58 ;0.000474118063210654
14 41 ;0.000185636124951091
14 35 ;0.000568223926336278
14 15 ;0.00152344575891447
14 18 ;0.00130868897466601
14 20 ;0.000598205551507355
14 13 ;0.00400758663346141
14 47 ;0.000104233156623127
14 40 ;0.000475762862422167
14 43 ;0.000770727060692123
14 19 ;0.000950952442482907
14 20 63 ;0.000556007800380048
14 19 61 ;0.000104233156623127
14 27 29 ;0.00229312944570879
14 4 ;0.0208466313246254
14 52 ;0.00333546101194006
14 4 2 ;0.0104233156623127
14 4 1 ;0.00077132535901114
14 5 ;0.00208466313246254
14 4 26 ;0.000604552308414137
14 3 ;0.000677515518050326
14 55 ;0.000382336599477726
14 4 51 ;0.00177196366259316
14 4 25 ;0.00354392732518632
14 4 59 ;0.00135503103610065
14 4 53 ;0.00135503103610065
14 3 54 ;0.00208466313246254
14 13 57 ;0.000104233156623127
14 27 28 ;0.000104233156623127
15 ;0.000273434406055191
15 13 ;0.00071929838290801
15 13 18 ;0.000234888961687587
15 13 47 ;1.87082021829322e-05
15 13 35 ;0.000101987202954189
15 12 ;0.00010437624037295
15 19 ;0.000170680915139589
15 13 40 ;8.53919051257975e-05
15 19 61 ;1.87082021829322e-05
15 12 31 ;1.87082021829322e-05
15 19 43 ;0.000138333311073168
15 11 ;0.000227084835146977
15 13 41 ;3.33187468417367e-05
15 20 ;0.000107368430230088
15 11 22 ;0.000377266237744618
15 20 63 ;9.97946016583497e-05
15 11 42 ;0.000235070244166739
15 11 22 21 ;0.000129133739731733
15 10 ;0.00053178401452624
15 11 44 ;6.54787076402627e-05
15 11 50 ;0.00010757216255186
15 11 22 58 ;8.50966896953509e-05
15 8 ;8.80572626907999e-05
15 10 34 ;0.000165880203377427
15 10 33 ;8.4599986927394e-05
15 11 32 ;5.77574584353229e-05
15 8 9 ;0.000114297574154602
15 10 37 ;6.97462356402113e-05
15 7 ;0.0001029925817395
15 8 16 ;6.38941229153683e-05
15 11 32 49 ;0.000146694380792764
15 11 46 ;6.09866812141188e-05
15 11 38 ;3.98901899405135e-05
15 10 23 ;0.00011894955570941
15 7 6 ;1.87082021829322e-05
15 11 36 ;7.22916736292211e-05
15 12 17 ;3.62521929440205e-05
15 14 ;0.00152344575891447
15 10 48 ;1.87082021829322e-05
15 12 39 ;0.000273753567984432
15 10 45 ;2.2458261310501e-05
15 10 27 ;0.000104585210991333
15 10 23 24 ;5.92522437897392e-05
15 14 60 ;5.25075627387485e-05
15 14 56 ;1.87082021829322e-05
15 12 39 62 ;1.87082021829322e-05
15 10 27 30 ;3.30877005447775e-05
15 13 57 ;1.87082021829322e-05
15 10 4 ;0.00374164043658644
15 10 27 29 ;0.000411580448024508
15 10 4 2 ;0.00187082021829322
15 10 4 1 ;0.000138440696153698
15 10 4 5 ;0.000374164043658644
15 10 4 26 ;0.000108507572661007
15 7 52 ;0.00059866246985383
15 10 4 55 ;6.86233693451917e-05
15 10 4 3 ;0.000121603314189059
15 10 4 51 ;0.000318039437109847
15 10 4 25 ;0.000636078874219695
15 10 4 59 ;0.000243206628378118
15 10 4 53 ;0.000243206628378118
15 10 4 3 54 ;0.000374164043658644
15 10 27 28 ;1.87082021829322e-05
16 ;1.49303044997935e-05
16 7 ;2.4066542217465e-05
16 7 23 ;2.779524948185e-05
16 7 6 ;4.37159385699457e-06
16 8 ;2.05765676936106e-05
16 32 ;1.34963342828222e-05
16 7 17 ;8.47114342826836e-06
16 14 ;0.000355987499814966
16 7 48 ;4.37159385699457e-06
16 50 ;2.51366646777187e-05
16 7 39 ;6.39687023065686e-05
16 45 ;5.24787984562913e-06
16 7 33 ;1.9768697148838e-05
16 27 ;2.4438696002511e-05
16 32 49 ;3.42784543195886e-05
16 7 23 24 ;1.3845624631996e-05
16 46 ;1.4250915098478e-05
16 7 9 ;2.67082089533697e-05
16 14 60 ;1.22695776146724e-05
16 34 ;3.87616549677523e-05
16 14 56 ;4.37159385699457e-06
16 7 39 62 ;4.37159385699457e-06
16 27 30 ;7.73168832735773e-06
16 44 ;1.5300578499481e-05
16 10 ;0.000124263342271965
16 36 ;1.68925818343827e-05
16 11 ;5.30634991346643e-05
16 7 38 ;9.32124356969952e-06
16 10 37 ;1.62977827742e-05
16 11 22 ;8.81567748332581e-05
16 11 42 ;5.49294702565838e-05
16 11 22 21 ;3.01750140297821e-05
16 8 12 ;2.43898652991284e-05
16 8 12 31 ;4.37159385699457e-06
16 11 22 58 ;1.98847629657412e-05
16 8 15 ;6.38941229153683e-05
16 7 41 ;7.78567751149161e-06
16 11 35 ;2.38316127635902e-05
16 8 18 ;5.48871095121096e-05
16 20 ;2.50890580206161e-05
16 13 ;0.000168080308375946
16 11 47 ;4.37159385699457e-06
16 19 ;3.98834496673957e-05
16 20 63 ;2.33192619635504e-05
16 10 40 ;1.99537467168046e-05
16 19 61 ;4.37159385699457e-06
16 10 43 ;3.23247015930206e-05
16 27 29 ;9.61750648538804e-05
16 7 4 ;0.000874318771398913
16 7 52 ;0.000139891003423826
16 7 5 ;8.74318771398913e-05
16 7 4 2 ;0.000437159385699457
16 7 4 1 ;3.23497945417598e-05
16 7 4 26 ;2.53552443705685e-05
16 7 3 ;2.84153600704647e-05
16 14 55 ;1.60353997109032e-05
16 7 59 ;5.68307201409293e-05
16 7 4 51 ;7.43170955689076e-05
16 7 4 25 ;0.000148634191137815
16 7 4 53 ;5.68307201409293e-05
16 13 57 ;4.37159385699457e-06
16 7 3 54 ;8.74318771398913e-05
16 27 28 ;4.37159385699457e-06
17 ;4.80635013058753e-06
17 14 ;0.000201979883909597
17 7 ;1.36548541893061e-05
17 14 48 ;2.48035119265317e-06
17 14 39 ;3.62945077353672e-05
17 14 60 ;6.96150247837194e-06
17 14 56 ;2.48035119265317e-06
17 14 45 ;2.97753758922049e-06
17 14 27 ;1.38660064863367e-05
17 14 23 ;1.57704449355677e-05
17 7 6 ;2.48035119265317e-06
17 14 39 62 ;2.48035119265317e-06
17 14 27 30 ;4.38679872635024e-06
17 7 16 ;8.47114342826836e-06
17 14 33 ;1.1216346521273e-05
17 14 23 24 ;7.85571869034726e-06
17 7 9 ;1.51536808080026e-05
17 14 34 ;2.19925547234098e-05
17 14 32 ;7.65753863005427e-06
17 10 ;7.05044291143809e-05
17 50 ;1.42620193577557e-05
17 8 ;1.16747154216753e-05
17 14 32 49 ;1.94488801648082e-05
17 7 44 ;8.68122917428608e-06
17 7 46 ;8.08567204941813e-06
17 14 38 ;5.28867922351086e-06
17 10 37 ;9.2470220848422e-06
17 14 36 ;9.58449866811459e-06
17 11 ;3.01071228642223e-05
17 7 22 ;5.00183156878291e-05
17 12 ;1.38383009635148e-05
17 7 22 21 ;1.71206737143123e-05
17 12 31 ;2.48035119265317e-06
17 14 42 ;3.11658359672944e-05
17 7 22 58 ;1.1282199845438e-05
17 14 41 ;4.41743106357951e-06
17 12 35 ;1.3521560116213e-05
17 7 15 ;3.62521929440205e-05
17 10 18 ;3.11418013642376e-05
17 20 ;1.42350083332677e-05
17 13 ;9.53652619569748e-05
17 10 47 ;2.48035119265317e-06
17 10 40 ;1.1321339787258e-05
17 10 43 ;1.83403616097876e-05
17 19 ;2.26290376429565e-05
17 20 63 ;1.3230862956434e-05
17 19 61 ;2.48035119265317e-06
17 14 27 29 ;5.45677262383697e-05
17 14 4 ;0.000496070238530633
17 14 52 ;7.93712381649013e-05
17 14 4 2 ;0.000248035119265317
17 14 4 1 ;1.83545988256334e-05
17 14 5 ;4.96070238530633e-05
17 14 4 26 ;1.43860369173884e-05
17 14 3 ;1.61222827522456e-05
17 14 55 ;9.09815140625915e-06
17 14 4 51 ;4.21659702751038e-05
17 14 4 25 ;8.43319405502077e-05
17 14 4 59 ;3.22445655044912e-05
17 14 4 53 ;3.22445655044912e-05
17 14 3 54 ;4.96070238530633e-05
17 13 57 ;2.48035119265317e-06
17 14 27 28 ;2.48035119265317e-06
18 ;0.000201777183488519
18 13 ;0.000617900478371841
18 13 47 ;1.60709482364974e-05
18 13 35 ;8.76102921828185e-05
18 13 40 ;7.33543968401511e-05
18 13 15 ;0.000234888961687587
18 19 ;0.000146620403465001
18 19 61 ;1.60709482364974e-05
18 19 43 ;0.000118832769707203
18 13 41 ;2.86218766807548e-05
18 12 ;8.96625522726192e-05
18 12 31 ;1.60709482364974e-05
18 20 ;9.22329397335646e-05
18 11 ;0.000195073187431665
18 20 63 ;8.5726777049501e-05
18 13 42 ;0.000201932910976931
18 11 22 ;0.000324083849366524
18 11 22 21 ;0.000110930041621388
18 13 44 ;5.62483188277409e-05
18 10 ;0.000456819596393121
18 11 50 ;9.240795235986e-05
18 11 22 58 ;7.31007972769792e-05
18 8 ;7.56440248354049e-05
18 10 34 ;0.000142496437438034
18 10 33 ;7.26741136013001e-05
18 13 32 ;4.96155170715737e-05
18 10 37 ;5.99142628299683e-05
18 13 32 49 ;0.000126015197893059
18 11 46 ;5.23895234466755e-05
18 11 9 ;9.81852975413985e-05
18 11 38 ;3.42669579583068e-05
18 7 ;8.84739449410478e-05
18 11 16 ;5.48871095121096e-05
18 10 23 ;0.000102181499529886
18 11 36 ;6.21008760470261e-05
18 12 17 ;3.11418013642376e-05
18 14 ;0.00130868897466601
18 10 48 ;1.60709482364974e-05
18 7 6 ;1.60709482364974e-05
18 12 39 ;0.000235163132064501
18 10 45 ;1.92923698105033e-05
18 10 27 ;8.98420647644209e-05
18 10 23 24 ;5.08995858356698e-05
18 14 60 ;4.51056875774478e-05
18 14 56 ;1.60709482364974e-05
18 12 39 62 ;1.60709482364974e-05
18 10 27 30 ;2.8423400470034e-05
18 13 57 ;1.60709482364974e-05
18 10 4 ;0.00321418964729948
18 10 27 29 ;0.000353560861202943
18 10 4 2 ;0.00160709482364974
18 10 4 1 ;0.000118925016950081
18 10 4 5 ;0.000321418964729948
18 10 4 26 ;9.32114997716849e-05
18 14 52 ;0.000514270343567917
18 10 4 55 ;5.89496845168137e-05
18 10 4 3 ;0.000104461163537233
18 10 4 51 ;0.000273206120020456
18 10 4 25 ;0.000546412240040912
18 10 4 59 ;0.000208922327074466
18 10 4 53 ;0.000208922327074466
18 10 4 3 54 ;0.000321418964729948
18 10 27 28 ;1.60709482364974e-05
19 40 ;5.33026136785516e-05
19 61 ;1.16778759310736e-05
19 43 ;8.63492508821003e-05
19 ;0.000106540999039482
19 13 ;0.000448994360381938
19 47 ;1.16778759310736e-05
19 18 ;0.000146620403465001
19 35 ;6.36615903019698e-05
19 41 ;2.07979466969641e-05
19 15 ;0.000170680915139589
19 20 ;6.70206145347838e-05
19 20 63 ;6.2292943242848e-05
19 12 ;6.51528550583679e-05
19 12 31 ;1.16778759310736e-05
19 11 ;0.000141748977520354
19 42 ;0.000146733562082774
19 22 ;0.000235493944008363
19 44 ;4.08725657587576e-05
19 22 21 ;8.06067721717541e-05
19 10 ;0.000331945725358435
19 50 ;6.71477866036732e-05
19 22 58 ;5.31183367963593e-05
19 32 ;3.60528728044849e-05
19 8 ;5.49663606624517e-05
19 34 ;0.00010354433929681
19 33 ;5.28082891903893e-05
19 32 49 ;9.15683271932157e-05
19 10 37 ;4.35364060373948e-05
19 9 ;7.13458662221348e-05
19 7 ;6.42891593545057e-05
19 16 ;3.98834496673957e-05
19 46 ;3.80685909689475e-05
19 23 ;7.42496868511556e-05
19 38 ;2.48999173965131e-05
19 17 ;2.26290376429565e-05
19 14 ;0.000950952442482907
19 48 ;1.16778759310736e-05
19 7 6 ;1.16778759310736e-05
19 39 ;0.000170880139702973
19 36 ;4.51252978365767e-05
19 45 ;1.40187061614573e-05
19 27 ;6.5283296932518e-05
19 23 24 ;3.69859350913777e-05
19 14 60 ;3.2775827260707e-05
19 14 56 ;1.16778759310736e-05
19 39 62 ;1.16778759310736e-05
19 27 30 ;2.06537249292154e-05
19 13 57 ;1.16778759310736e-05
19 20 4 ;0.00233557518621472
19 20 4 2 ;0.00116778759310736
19 20 4 1 ;8.64162818899446e-05
19 20 4 5 ;0.000233557518621472
19 20 4 26 ;6.77316804002269e-05
19 27 29 ;0.000256913270483619
19 20 4 55 ;4.28354999240118e-05
19 20 4 3 ;7.59061935519784e-05
19 20 4 51 ;0.000198523890828251
19 20 4 25 ;0.000397047781656502
19 20 4 59 ;0.000151812387103957
19 20 4 53 ;0.000151812387103957
19 14 52 ;0.000373692029794355
19 20 4 3 54 ;0.000233557518621472
19 27 28 ;1.16778759310736e-05
20 ;4.21599460594085e-05
20 63 ;3.91859600994442e-05
20 40 ;3.35305089801424e-05
20 41 ;1.30831434026225e-05
20 43 ;5.43188060081166e-05
20 19 ;6.70206145347838e-05
20 19 61 ;7.34607736380877e-06
20 35 ;4.00469203664826e-05
20 13 ;0.000282444112846155
20 47 ;7.34607736380877e-06
20 18 ;9.22329397335646e-05
20 12 ;4.0985014445841e-05
20 15 ;0.000107368430230088
20 12 31 ;7.34607736380877e-06
20 44 ;2.57112707733307e-05
20 10 ;0.00020881357136019
20 11 ;8.91685235612518e-05
20 42 ;9.23041232232199e-05
20 32 ;2.26793977237395e-05
20 22 ;0.000148139673824642
20 34 ;6.51355376224568e-05
20 33 ;3.32195495253323e-05
20 32 49 ;5.760191490355e-05
20 10 37 ;2.73869844807891e-05
20 22 21 ;5.07064459252373e-05
20 8 ;3.45771046221642e-05
20 7 ;4.04416985640137e-05
20 16 ;2.50890580206161e-05
20 23 ;4.67074617907007e-05
20 11 50 ;4.22399448419004e-05
20 9 ;4.4880786193416e-05
20 22 58 ;3.34145878793415e-05
20 17 ;1.42350083332677e-05
20 27 ;4.10670701299947e-05
20 14 ;0.000598205551507355
20 48 ;7.34607736380877e-06
20 7 6 ;7.34607736380877e-06
20 39 ;0.000107493754309915
20 45 ;8.81859857138423e-06
20 27 30 ;1.29924193471795e-05
20 23 24 ;2.32663493051078e-05
20 46 ;2.39474041375066e-05
20 38 ;1.5663526537434e-05
20 14 60 ;2.06179414939075e-05
20 14 56 ;7.34607736380877e-06
20 39 62 ;7.34607736380877e-06
20 36 ;2.83864917669089e-05
20 13 57 ;7.34607736380877e-06
20 4 ;0.00146921547276175
20 4 2 ;0.000734607736380877
20 4 1 ;5.43609724921849e-05
20 4 5 ;0.000146921547276175
20 4 26 ;4.26072487100908e-05
20 4 55 ;2.69460729174133e-05
20 4 3 ;4.7749502864757e-05
20 4 51 ;0.000124883315184749
20 4 25 ;0.000249766630369498
20 4 59 ;9.5499005729514e-05
20 4 53 ;9.5499005729514e-05
20 27 29 ;0.000161613702003793
20 4 52 ;0.000235074475641881
20 4 3 54 ;0.000146921547276175
20 27 28 ;7.34607736380877e-06
21 ;6.09854589174748e-05
21 22 ;0.000178169970843575
21 22 11 ;0.000107244418952069
21 22 42 ;0.000111015655150492
21 22 58 ;4.01882628367311e-05
21 22 11 44 ;3.09233593254582e-05
21 22 11 50 ;5.08026617489671e-05
21 22 10 ;0.000251143444294522
21 22 12 ;4.92933367565191e-05
21 22 11 8 ;4.15864404405179e-05
21 22 11 32 ;2.72768767938002e-05
21 22 12 31 ;8.83524552155949e-06
21 22 7 ;4.86398819977445e-05
21 22 11 32 49 ;6.92787504787418e-05
21 22 11 46 ;2.88019285232766e-05
21 22 11 9 ;5.39788441615125e-05
21 22 11 15 ;0.000129133739731733
21 22 11 38 ;1.88387755584348e-05
21 22 10 34 ;7.83395598184667e-05
21 22 11 33 ;3.99536870681337e-05
21 22 11 16 ;3.01750140297821e-05
21 22 11 35 ;4.81650759034159e-05
21 22 7 23 ;5.61758163129035e-05
21 22 7 6 ;8.83524552155949e-06
21 22 11 36 ;3.41408906870445e-05
21 22 11 41 ;1.57353072165318e-05
21 22 10 37 ;3.29387671813811e-05
21 22 7 17 ;1.71206737143123e-05
21 22 11 18 ;0.000110930041621388
21 22 14 ;0.000719471448254267
21 22 7 48 ;8.83524552155949e-06
21 22 13 ;0.000339700082034121
21 22 7 39 ;0.000129284469020331
21 22 11 47 ;8.83524552155949e-06
21 22 7 45 ;1.06062704863561e-05
21 22 7 23 24 ;2.79828129109728e-05
21 22 14 60 ;2.47975301955402e-05
21 22 14 56 ;8.83524552155949e-06
21 22 19 ;8.06067721717541e-05
21 22 7 39 62 ;8.83524552155949e-06
21 22 7 27 ;4.93920264489949e-05
21 22 11 40 ;4.03276830110614e-05
21 22 19 61 ;8.83524552155949e-06
21 22 11 43 ;6.53301025502465e-05
21 22 7 27 30 ;1.56261919343405e-05
21 22 20 ;5.07064459252373e-05
21 22 20 63 ;4.71295851282891e-05
21 22 13 57 ;8.83524552155949e-06
21 22 7 27 29 ;0.000194375401474309
21 22 10 4 ;0.0017670491043119
21 22 7 52 ;0.000282727856689904
21 22 7 5 ;0.00017670491043119
21 22 10 4 2 ;0.000883524552155949
21 22 10 4 1 ;6.53808168595402e-05
21 22 10 4 26 ;5.1244424025045e-05
21 22 7 3 ;5.74290958901367e-05
21 22 14 55 ;3.24084757451772e-05
21 22 7 59 ;0.000114858191780273
21 22 10 4 51 ;0.000150199173866511
21 22 10 4 25 ;0.000300398347733023
21 22 10 4 53 ;0.000114858191780273
21 22 7 3 54 ;0.00017670491043119
21 22 7 27 28 ;8.83524552155949e-06
22 ;0.000520526352902531
22 21 ;0.000178169970843575
22 11 ;0.000313316245167275
22 42 ;0.000324333970629117
22 58 ;0.000117410637633532
22 11 44 ;9.03430773040153e-05
22 11 50 ;0.000148420769856597
22 10 ;0.000733719495463014
22 12 ;0.000144011253314927
22 11 8 ;0.000121495435343064
22 11 32 ;7.96898216283258e-05
22 12 31 ;2.58123078011472e-05
22 7 ;0.000142102175029954
22 11 32 49 ;0.0002023989516842
22 11 46 ;8.41452840778819e-05
22 11 9 ;0.000157700036388031
22 11 15 ;0.000377266237744618
